-od 11111111 1111111111 1111111 1111111 111111111111 1111111 1111111111
-11111111 111 1 1111111 1111111111 111111111111 11111111111111 111111
-11111111111111 1 11111111 1111111 111111111 11111111 111111111111111
1 111111 11111 1111111111 11111111 1111111111 (1111111111 111111111
111111 1111 1111111111 11111111 ι11111111111111111111111 1111111111111
-1111111 1111 (11111111111111 111 111111 11111111 11111 111) 1111111111 11111
-111 1 11111111111111111 11111111 111111111111 ι11111 ι,1111111111111
11111111 1111111111 11111111 11 1111111111 1111111111111 1111111
1111111111 111111 111 11111111111111 111111 1 1111 111111111111111111111111
11 ί11111111 111111 έ111111 1111 11111111 1111 1111111 11111111 11 11111
-11111 1111111 1111111 111 (11111111 111 11111111 111111 1 1111111 11 11111111
ί1111111111 111111 1111 1111111 11111111 111111 (11111111 1111111111 1
1111111111111111 1 1111111111 1 1111111111 11111 111 111111111111111111
-11111111111111 1111111111 11111111111111 1111111111 11111111
1111111111 111111 1111111111 1111111111 111111 11111111 1111
(111111111111111 1 1111111111111111111111111111111111111 ι111111 od
111 11111 111 111111111111111 1111111111 1 11111111 1 1111111111 1111
-11111 11111111111111111111 ’11111111111111111 111111 11111111

[111111111111 111111 1111111 111111

11111111 1111111111 1111111111 1 11111111 11 1111111111 ι 11111111111111
111 111111 1111111111111 1 1111111111] 111111 1 ’11111111111111111111111111

1111111111 1 111111 111 1 11111 11111111111
111111 ί11111111 11111 ι11111111 1111111111 1111111 1 11111111 11111111
111111 11111111 1111111111 1111111111 1111111111111 11111111 1111111111
1111111111 11111 (11111111 11111111 1111 11111111111 1111111 11111111
1111111111 (1111111 11 1111111111111111111 ί111111 11111111 11111111 11111
11 1 ἐ11111111111111111 (1111111111111111111111 111111 111111111111111

. 1 1111111 11 11111111 1111111 11111111 1111111111 11111 11111 111111

1111 ι111 1111111111 έ11111111 1111111111 11111111111111111 11111111 1 1111
-111 1111111111111111 1 1111111111 1111111 1111111 111 111111 1111111
-1111 1 11111 (11111 1111111111 111111111111 11111111 ι1111111111 111 111111
111 1111111111 11111 1111111111111111 1111111 11 1111111111 11111111
11111111 111111 1111111111 1 1111111111 1111 11111111 111111 111 1111111 1
111 (1111111 1111 111111 1111111111 1111111111 11111 1111111 (11111111
-111111 1111111 11111111 1111111111 1111 4111111111 111111 1 111 1111111111
1111111111 11 (1111111111 1111111 ι111111111111111 111111 1111111111 11111
1111111 11111111 1111111111 1 4111111111 1111 11111111 1111 111111111111111

101 , ‘mmmm ’1111Ἢ

 

