90 1111110111 1011111111. 1. 1320,

0111111011 11110010111 01010 1101011011 111111011 11011011, 10 1010101 Kra-
kowski 1111010111101111 1111101111, 111 0101011110 1 1011111 1110110110-
101 011011 011011 10101110111010 11111011 11101 111011 1001010 110111 110100
1111010111110, 11111111 01011, 1 100111 111011111 1111111011 0111101α 1011
1 0100010110 1111110110, 101010110110 go 111111 1 101011, 0 110 11101000 10111-
1110. Ρ1111111 011110101111011010 1010101111010 11110111101111011011011

10101011110111111110010101101100010. 11010111 1111 1001110111 1110110 1

10101011 1010111010 Κ11101011010 110 11110 sam 1111101 1110111

1111101011 1110 010101, 0 10111110 1110011 1010 010111011111, 010 111- 1

. 01011010110 00101 11000111 Κ1110101101 1101110 01111110 1011010110, 1
11011010 10111011011000011010101010101111 1 10111111010 10101011 111-

10101101· 1 1111001101 10111011 10011011 11011010100110101111111 110010101111- 1

1011 11001010 1111 1111101110.

1111111111 10110101 10101111111111110111 1101111111, 111101111111 111-
11110 vm 11110101111111011111, 111111 111101· 111011111101101011, 1111
11111110 11111110111110111 1111110111110101.

Po 101011101111 0111111110 101011011, 11111 0101111101111111 Pol·
¹ 011 0111111111 1100111001011101, 11111010111111111110111011 110111001011011,
111111011οι1 101111111011101. 2100110 01011111111110 1101001011 001110
1101011111 1 1111111 Ρο10111111, 11101 11110 101011 1 111111100101111-
11010001011011) 1 0110011010 ich 111011111 1011110101. Ρο1101111 1111
110100 go 101010 111111 110111 Ρο110101101, 1111011 1100 1010111011110
mog} 1011011111 11101· 0111011111. 11011111, 11110111 10111010 0101011
111011 (consiliarii) 1010111, 0100011110 10 1101000110 8101101 110010101101, 11-
nego 1101110111011 (11101110101110111, 1101111011 Ρο11110110111 1
0111011 1101111101101111, 11100111 1110011Κ111101011 0111011011, 11111
001011 1 0110010101 010101· 01101111 bullo 11110011, 11001 111101 10 1111011111
1111101110 11111 100101011010 11101 10101 1110111011 111101 11011
1 1011111011Κ11110111Ρ110111011; 111101οη1 11101111, 1101111110 111011110-
1110111111, 1010111ος01 101· 1110110 1111110111 1010111 01011110 1 1011110101.
’101 11001 0111 1111111011, 0110111011 1 111011 01000110 10110011101111-
11110110111, 11111 1110110111 11100111 1Κ101011 11111110010111
11110111111111 1101 sie 1080110110110, gdzie 1111010011 100101101-
1110010111011 1101111111. 'Pam 101110111 111101111ρο 111010110, Zbign 10-
11 10111101011010 1111100110 111111111111111010011), 1110111111
0101011, 11011111011111 1 11110110101111 10110110 1110010101· 1110011 1111111011
0 0111010110 Ρο11ο111; 1110011011 11101111011110 11011011110 1010111011,

 

