11441444 w. 362. 111114 ob. 114111.
11441444 ιι. 252. 111114441444 ιιι. 441. 465.
11444 1. 1528 49. 216. 226. 259. 210. 3111 348 1111144140444114414441144144159.

388 402. 426. 483. 513. 111144 44. 446. 460.

1141444 444111. 331. 1111144 ιιι. 1 tam. 357. 318. 382. 384. 385. 439.
11414144 ob. 1114141444. 441. 445. 446. 449. 452. 460. 462-465. 410.
1141444141 44444141 335. 349. 415. 514.

1141444 (wasnau) ιιι. 465. 1 111144 4444141 ιι 4144ιί Ριιι4. 104.

11444444 ν. 1144414444 11. 1111444414 14141. (141414. 43. 98.

1144444 1144114944 411. 413. 416. 1114444144 8444441441 wojew. Ροιιι. 131- 141.
1144444 ν. 0444144 (0444414, 044414) 1444114149.

111. 118. 120. 122. 129. 111444414 4114444444 4141144441] 4 8444444141.
1144444· ν. 1114641444 266. 11144441414441314434 121.

1144444 m. 69. Ι11144441γ4 Κρργ 44144. Ροιιι. 393-399. 402.
111444441385. 412. 420. 431.

1114414111 4444141111.35.-11144441γ 8414144 14441. 1141141. 420.
111414144 (1114114444) 4444. 310. 311. 348. wincenty 2 (1444444 14441. 1141141. 538. 546.
1114114414 m i iupy 441444 240. 242. 261. 301. 11141444. 408.

474. 487. 111441414ν.114144·4444414144 Ριιιθ. 216. 226. 232.
1114114111414414444. 302. 395. 238. 250. 260. 265. 268. 211. 281. 284. 285.
1114144141. 1114114. 281. 288. 290. 296. 304 319. 321. 343. 392.
11141144 4141 Ι. 1114144141 (1114144444) 342. 1141444144 14414441. 473.

11141144414414 23. 25. 41. 48. 50. 312. 320. 324. ’ 1114141111 ιιι. 234.

350. 361. 381. 388. 402. 404. 1111414 ιι. 45. 134. 151. 200. 220. 225. 268. 342.
11141144414144 414414 3. 23. 21. 41. 414816. 556,

132136. 131. 148 194. 210. 319. 333. 336. 11114144 14141. 111441. 3. 5.

346. 366. 395. 406. 408. 409. 419. 436. 525. 11111144 ιιι. 15. 210. 301. 302. 350. 389. 390.
11141444 (11441444) 4444 34. 208.. 216. 269. 231. 1111114141 1414141221.

1114141 ιιι. 301. 340. 474. 485. 486. 111114141114441. 86. 111.
11141υὴ4144 4144414, 444414] 11441414 313. 392. 401. 11111141. 1111444411 130.

424. 480. 485. 488. 491. 1111414414 ιιι. 381. 449.

1111441444 herb szl. 501. 11114444 (1111144444) 14. 111. 51. 14. 444.
1114444 ιιι. 61. 11114414 ιιι. 518.

1114411414 wojew. Krak. 22. 26. 11114444114121144. 159.

1114461414 1444114141 4144411 11141441. 518. 11114141 syn Kiejstuta, 14. 111. 284. 286. 281. 308.
1114441ιὶ414 4 8444444144 395. 391. 406. 401. 410. 342. 349. 356. 351. 319--386 425. 432. 436.
111444141411141414414111441444. 438. 441. 451. 456. 451. 459. 460. 462- 466.
1114441444 (11414444) 8. 80. 86. 469-416, 491. 494. 496. 491. 505. 511. 513.
1114441444 ιι. 521. 518 520. 524. 528. 529. 532. 536- 538. 543.
1114444441 44144 Κι414 215. 216. 548- 552. 556. 551.

11119444 144144 Ragnety 452. 1114144 4144414 204.

11194441 ν. 84Ιά441ιοὶ44 305. 324. 355. 1114144144141414141414Ρ41. 1-5. 10. 11. 14-
1114441444 Olgierda, 14111. 319. 432. 466. 468. 16. 19. 21-152. 151. 195. 227. 282. 312.

469. 1114644144 wojew. Siedmiogr. 16. 29. 49.
Wilczek 554. W7ady⁸7aw syn 011444 69.

11114141 14441. 84441444. 243. - 1114344144 syn Henr. V. ks. 114441. 1 Ligu. 73.
1111444114441. 8414411251. 80. 102. 103.

1111144414 4 Ν41444444 310. 1114444144444144441414. quier. 93.
1111144144 ob. 14144. 1111414144 14141. Ρ14414141414144190.

wilhelm 14. 0444. 461. 1114644144 8141414. (141441. 252. 282. 311. 325.
wll-belm v. flassemburq 35. 331—333. 336. 338. 361.

1111144144 14414441 323. 1114414144 14. Bytom. 192. 348.

wilhelm Ν494441 13. 14. 1114644144 syn 2144444114, 1411414411. 105101.
1111144144 14. 44414. 334. 398. 424. 426. 429 -433, 1114344144 44441). Koloe. 159.

449. 1114444144 14. Opol. 180. 214. 293. 299. 300. 310.
111114 44. 268. 446. 465. 312. 313. 350. 351. 364. 315. 392. 400. 413.

 

