1111ογ11 starszy, syn 110111. 11. 209111. 51. 195. 11111111 1101001111. 243.

196279. 295. 1111111111 11111. 2111101011 509.
111111γ1111110611γ, zw. 11101101, syn Henr. ks. 1111111111(1.1νο1111) 104. 108. 199. 381. 440. 514.

(1109. 295. 408. 492. 1111111111 prowincya Kny1. 60.
1111111911 syn Μ110111111. 21111110. 206. 10916111 11111. 77.
1111191191 Bol. 111. 21111101. 206. 1100011119 1ΙΙ. pap. 230. 235. 247. 263. 204.
Hem-y& z Wierzbny (1111051111, 1111111111) 11111119 1110011019 vu. pap. 517. 522.

111001. 8. 12. 86. 111. 165. 1100106111. 301.
Ηο111911 ν. 6111011 prob. 1111001. 189. 111οο100110 m. 92. 95. 98. 132. 146. 169. 194.
Η1111γ111ΙΙΙ. 1101111111. 39. 56. 69. 70. 72. , 282. 327. 334. 468. 490.
11111111 11. 1111911111, 111. 010111 24. 36. 38. 56. 57. 1111111019 (1111115001) 1111110, zum. 288. 331.
Η111ογ1111.Β11111.34.190. ’ ’ 335. 349. 476.
11111191( bisk. Waradyfi. 7, . 11011110 opat Tyniec. 540.
11101111 110111). 1101011. 72. 1110111111279. 280.
Η1111911 ν. Ρ101111011111111 Ρ11127. 33. 40. 58. 67. 111111 443.

14. 11. 10. ’ 1111111141141.
Η1111γ11011011101· (1111111111) 1111111 111191. 193. 1010 1 0511110. pol. 540.

199. 203. 208. 216. 221. 226. ' 10111111 ob 01101101.
Η1110911171101011 ob. Κ1101. 10110 (1110110) w. 394.
11111191 1111119111 Ηο111 186. 244. 1005111. 1111. 222.
Η1111111 ν. 1111110111Ιά 265. ³
1111111910πίηο Κ1191. 156. 157. ¹ J· . ’
1111111111. 1111111. 110. ¹ '
1111111110 1110111019 265. 11101901 (1191110111) 11. 242.
11111111 11 1111111111 273. ἵ 11611 (Ζ1611) 2111 m. 416, 417. 513.
11111191 1911 11101. 11. Lign. 278 455. 1160191 10111 111111. 1011011147. 88. 90. 151. 153.
1111111111. 0901. 293. 477. 186.
Hem-y& 19111611. 11. Brzeg. 295. 365. 1160191 011111Βο1. ks. 21111510. 206.
Η1111γΙι 11. 81111111. 557. , 1160191 ob. 1110111111.
1111111111119110. 11111. 171001. 279. 492. 494. 116019110111111111. W. 247. 299. 312. 317.
11111911 11111. 111111. 283. 1160191 011111 Kazim. W. 111111). 11. 1101101011
ΗοηΙ-γΙι 1111. 171001. 411. . 299. 309. 312. 317. 318.
Η11119111 11010111 101111 Κ111111. W. 297. 1160191 0011111101. 1111191110. 278.
Ηο111γ11911210111011. 1111111011. 0111. 11111. Ρ100. 1160191 1011 111111. 11910119 820. 329. 334. 389.

364 466. 469. 471. 998. 399. 400-402. 416-420. 425. 427-
Η1111911 11. Falkenberski 389. , 434. 436. 438442. 447. 450. 453. 458. 459.
Ηο110911 8111 1 31111111 1111. 111111. 392. 469. 472. 477. 483. 487. 488. 490. 492. 495.
Η1111111 10111111 2111119. 135. 141. 498 - 505. 508. 542.
norman 11. Cylli 507. ’ 1160191 00111 Ludw. 1181109. 1111111111. 011110-
Η11111111 111119111Ηο1111557. Ἰ Α ¹ 0111295.
Η11191 244. 1160191 Μ111119111111490.
Η11101110 11101110οἰ0 426. 456. ι 1160191 0011111111. 11910111539.
Η1110111011109001101511111110111 507. . 116101190011445.
11111110 ’1 [1111111 11111110110901 3. 6. 203.Ι 11911110 1910191οῐ111 ks. Lit. 11. Ρο1. 225. 226.
Η111110 przydomek 203. 229. 245. 342. 356. 379 - 386. 414. 415.
11111110 ob. 1111101110. 423-426. 429-432. 434-558.
1111911110. 111. 1101101111 arcyb. 01111. 0. 5. 11101. 101.
Ηο1111111οο101 35. 11111111 1101911 190. pol. 121.
11111111191111. 80. 1111615111 0101111. 221.
1110610 Ι. Ηο10611 mm. 346. 388. 1111611 1 8111111111 11111. 21111011. 142.
Η1190 1111111316. 1111111) 11011). Η1110. 471.
uu· 554. ¹ 1111611 1 Κο11110111111. Ρ100. 487. 540.

1111611 1110111109011 wojew. Sier. 509.
1⁸ 111161 1 Quot-ey (de 01110110) ob. 1111 XXII.

1111 m. 362. 111161 1Τ11111191011. 8011011111 XII.

11111110 0100111111 11111. Ρ100. 247. 285. 1111511 91011111 1 111014011011 169. 175.
3

 

