01341. 00000000 w. ’ 189

1000 1000100011000 1010100000, 0 1000000 01 01000 000010 1000010
100100001, 1 0010010111 010110 010110 0000010 010000 0100001101. 100 0100
0001001 10 1000010 0. 100101 0001000000, 1 1000010 0010101010
1000100011000, 0000010000000101010001000 1000100011όο w 000010
00100000010 01010οε ,0101001000 101010010το 00000101 10 01000 1010001,
„z 0000000οἰ00 00 000010000 10001000010100, 0 10 0 0010 0000100010 00
,0 00000100010001101.“ 11000110110 J 00 00001011010001 0010001000
1000010 0. 1011001010 01000010 11000100011000, 00000 01000000
001 010010. 1010100 000100 010001 0000010 011000100οο 111000000
001000 1000010100011000, (1000 0100000100, 01100001 00100 0000001 01011000-
101, 0000001 10 01000, 10000100000 (10 0011, 101011 000101001000000-
1000 000100101 0000101οἰ. Α 010 00 00 0010100 01110101 101 000010, 010101-
0001 ,10 001011 01000100101001 010 000000101000, 1000101 00000 0 00110
,0100010 00010010, 010000 0100 0000100010 010 010010οβ 11000011 0100
zoeli, 0 110000 00000111 010101001000010 10 100100010100; 0 0 100 01
00001 01000000, 00000 1011010, 00010000001 0101010 00 0000 0000010, 1000-
00 000001 00010000, 0011 boz 10000. 1011 010 0001000100 00000 00100-
nenio 00 01000010 1 000000 100010001101, 10001 101 0000; 010010 010
0000001000 00100100111, 000000000 101 00 0010000. 11000101 001001 11000-
00000 0000, 0 0111000 0010 potem 001001001 1 00101000 0100001, 00000111
0000010100οἰ0 0010 Βο1000 00001011 101 110001010010 0000000οἰ 0000000011
100101108010010100001101100101100,00001000100000.

1000100110101000010011 1 00100100 0000 0010100, 00 101010.

10001 0010 000010 00 101010 1010100 (100010 110000, 1000100010-
0010101001010000100110001 1000011000, 00 11000 0 10010 00000
0010 001000 100 0100 101010 11000011 0010011 10 00010. 00000 00000001
0000001000 1 000100001000101 0 10001010 Ρ100110.

110100 1000111001001011100100000001001ε 00 010 10100, 1000000 100101
10010, 01000000 00010.

11010 010100010οο (1000000 00001 10010001 0111001000, 010100
100011. Po nim 00010011 10100 010111 100100, 00100 800, 1000000 10-
101100 1100101000 00000. 1000101 101 000100 001 10 00000 10 Prus ·
1000100000110110000011, 00010001000010001100010010100-
011000; 0 010 00000 0000 0100011 001011 01000010, 00000011001000,

 

