0000οἆ 00000 ι00000οῙ 0000000 00000000 ί00000 00000 0 0000100000

‘mmm 0000000 0000000000 000000 0 000 ι0000 03003000 000 000 00 00 ss ‘⁴

0000000000 0000000000 0 630000000 ι0000000 [00000 ς0000000000 0300000000 000000
000000 000000 0300 000οῘ 00 0000000000 od 000000 0000) 000000 5000000
000000 0000000 00000 0000000001 ΠΛ 0000000000 00300 0000000 000 30000
0000 ,0000000000 0000000000οᾶ 03000030 op 00000000000000 000000000οΜ
0000000000 0000000000 00000001 0000000000 0 00000000 00000001 00000 memo&
00000000οΖ 00000 hos op 00 0000000 000 300 ‘HA 0000000000 3000 00000 000
-MS 00000000οΗ (000300 ι000 0300000 έο000000000000010013000
0000 30000000 0000 0 00300000 (03000ος (00000 ι300000 (00000
000 0000000000 0030000 0000000 0000000 nm 0000 000000000000000
00000 0000000) 0 (0000000000οο 000 000001 0000) 00000 00030 0 000000000300
00000000 0 0000000000 00 000000 00000000000 0030030001 000 0000 000000 6000000
000 0000000000 00000000) 00 (0000000 [00000 0000 0000000100000 ι00000000
000 0000000 00000 03000000000 0 0300000 000000000000 003 ι00000000 0 000
0000000 0000000 00000000 000οΖ 00000000 0000000000 0000000000 0000 ss 0
000000] 000000 0000000000 00000000 0000000000 00 00000000 000 ι0000000
00000 {lq 00000 0000001 00000 00003 ι00000000 op 000000000300000001
0000000000 00 000 00000 0 ι0000000000 0003000 0 3000000000 0030000000
0000000 0000000 0000000 00000000οᾹ 0000000000 0 000000000000 0000000000
0000000030 00 00000 op 000 000 000000 ι0000000000οῙ 0000000 0000000 000000
0000000000 0030000οᾱ 0 00000000000000 303 0 0000000000 3000 000 30000
000030 00 000000 s 00 000 0000000000 000000 ’0 00001000οη00 (0000000
-00000 000000 00000 0 0000000000 03 00003 0 (0000000000 30000 000 0000000
0οΙ00 00300000 0 (0000000 g 0000000 0 00000000 000 000 003000 0000 ’000
¹ 00000οἆ 0 0000000003000 00000000 0000000000 000 0000000030οᾶ 000
000 ’030000000000000000 00100000 000 00000 3000000 ι00000 030000000οε0
00000000 0000000000 0 (0000οο00000 00300000οο0 0000030000 000000 0000000
0000000000 0000000000 0 00000 ι0000100000 ι000000(ἰο00 0300 0000000000 ι0000000
00000 000 03 003 000000 0000000000 00000100 00 Aaou [0000000000 000000 0 03
0000000000000 000000 000000 00 0300000 00000000 0 ι00000000οΙ 0000000 0030
00000001 0000000001 0 0000000100 000030 000 000000 000 ί0000000000000
00000000030000 0300000 ι00000000 0000 0 000000 s po 0000000
0000 00 0000030000 000000 00000 0000000 0000 ss 000 0300030οᾱ [000000
-m op 0000000000 0001000001 000 (00000 ss po 000000 00000 0 ι00000000 00000
000 0000 ss ι0000000000 0000001001οᾹ0 [0300000000 00 (00000030 000000 M
op 0003000 0 000 3000000 ΠΛ 00000000οῙ00 00300 0000000000 000000
00000 0030000000 0000000000οη 600000000 0000000000 0000010 000 0 0000 000)
{A 0000000 ss 03 0000000 0 ’0000000100 000000 0300 0000000 00000000 00000
0000000 000000000000 0 ι00000000 0300030001 0 0000000 0000000 [0000000000

‘8281 Ἢ ἭΜΠΊ 1⁷98

 

