1. 1331. 1111111111 1111111111. 131

11111111111111111. 1111111111 1111111111111111, 1111111111111
1111111111] 11111 1 1111111111 111 11111111 1111111111, 11111 1111111111
1111111111111 1111111111, 111111 111 11111111 1111111111 1111111111 111111·
1111111111, 1111111 11 1111111111 1111111, 1111 1111111111 11111111 ¹

0111111, w 1111111 (11111111111111-11111 11111111111111 1111111 11111
1111111111 111 1 111111 1111111111 1 1111111 1111111 111111111111111· 111-
11111 Κ111111111 11 1111111111111111111111, 11111 1111111111111111·
111 1 111111 (ordinationes 11111111). 11111111 innomi, 111111111 Κ111-
111111 1111111111, 11111111 11 11 11111111111111111111111, 1111111111
111111 1111111111, 11111 11111 1111 11111, 111 11111111 1111111111 1111 11
1111111111, 1111111 111111 11111111111111111111111, 1111111111 111 wiel-
111 111111, 1 111111111 1111111 111· 11111, 1111111111111111111111- ‘
111, 111 111111 111 111111 1111111111 1111111111 1111 11111111, 111
11111111 11111111 1111111111 111111111 1111111111111 1111111111 1111-
111111 1111 1 Κ1111111. ’11111111 111111111111 111111111111-
1111111111111111111111111111 1111111111 111111. 8111111Κ111-
111111 11111111 1 11111111111111111111 11111111; ,111 111 111111111
,1111111111111 1111111111111111, 1 1111111111 11111 1111111111
,1111111 1111111111111111 1111111111, 11111111111 11111 Κ11111111, 81-
,111 1 (1111111, 111111 1111 1111111111 1111111111111, 1111111111 1111-
,111; 11111111111111111111111 11111111, 111111111111111111 111111
,1111111111 1111111111, 111 1111 1111111111111111 111111 111111 1 11111-
,111.“ 11111111 11111111 go: ,1111111111 11111111111111111111 111111
,1 111111 Boga, 11111111 111111 11111111111 1111111 111111 1111111111111,
,1111111111111 11111111 1111111111111111 1111111111“ 1111111 111111-
11111 111111111111111 1 1111111111111, 11111 111111111111111111111111111
1111111111, 1 111111111 111111111 11111111, 111111 11111111 111 1111111,
1111111 11111111111111111; 111111111111111 1111111111, 1111111
1111111 1111111 11 11111 1111111111 111111. 111111 11111 11111111111111
111111111111111111111 111111111, 11 1111111 11111 111 1111111 11111111
1111111111. 1111111111 111111 1111111111, 1111111111 1111111111,
rodem 111111111, 11111, 11111 1111111 1111111111, 1 1111111 111111
111111 1111111, 11111111 1 1111111111 11111111111111 11 111111111111-
1111· Ρ11111 1111111111 111111 11111111, 11111 111111 1111111111111·
jego 1111111111 1 11111111, 11111 111111 1 1111111111, 11111111 111111 11111
1111111 1111111111, 1111111 111111111111111 11111111 111 1111111111111111·
111, 1111111111111111 1 11 1ο111111; 111111111111 1111111 1 11111, 11
11111111 1111 111 1111111 11 1111111111 1 11111111111111 11111 11 111
1 11111111 1111111 11111 111111111111111ε 11111 1 1111111111111111111
11 11111111, 11111111111111111111111111111 1111111111· 11111; 111111111111,

 

