31331. wmnvsmw 33333333. 131

313 331 31313133 31333131, 11113 3131333 1333 1 3313313133 333113 33331
311311 31131313333131131 1 33133333· 313333; 1313 3133333 33331313, 3 po-
3333113333133331331 3331313, 3313331 331 33 311331, 'i 31313 3113133 133131-
131331313331 313 333133131331 1131331 1 1313 33313333, 33333133333113
33333 3133333313333; 33331313 1331 333311 3313333313 313 3131311 31313,
13133 3333131133] 333313 11333113 1 31331313 3113, 131333131311313333-
333313 133113 133133333ῃί3 33333 3313333313. 13131 3 33133313 1133313
33131133] 3 3133 Κ1313331131, 83313313131133· 1111311133· Ρ31-

311 3333313333313 3133133133131333 Κτ3313133, 111133 pod 13 3333 33131- ’

11311 31331313333313, 3331333313333131 najrychlej 3313331313 3 3131
3331313, 1131313313 1331133133 33333 333313333313 3331133331 1 31331331.
11133131 133133 3133131333 31311333 313 13113 31 1333331131 313113333331
333331 313 ju& 3311313131, 131331 3 31313 3333113113 13113313 331313333-
3133131 3133311313133 133133 311333] 1113. 11111333 31311, ’13 313333133131
3333313331 go 33333313 3331331 3113, 13 113333 3 3331313313 31313 1333333
13333133 husee, od kt6rych‚ 31313 31333313 13 33111, 33313131333331313
131 3313333113, 333133 313 33 313133 13 313313313 33313 131131 3313133, 313
313131 3331313333· 333333 33133 3133333331 11133, 1311313313όά] 3113-
131; 1333 113133 33 313333313313131113 33131133 333313 313131313131 313 ru-
33313, 3 33 13113 333331331313 3311331331 33331331 3333313133, 31331331 113-
311 ,13 11331331; 1331 331333333, 11133333133331313 albo roznoszeniom po
331331331331131331331331133311, [333311333311. 11331333331131 333-
3331333 3313333333] 313 331 Κ331333333133331113131331 33 331313 131-
1333113, 1331331113331333311, 3 333131333313, 13 11113331333313 33111.
Ale 1311, 13133333 1331133313 33313 3113, 3313331313 3 3313133133 33 31333-
313131 313 3133131 11133. Α 131 3133331313] 3333313333 jogo 33331313 313
13131 3333333331 313 13133· 3 13333333331313 331331, bo 113 1331 3333331 313
13333331 113311; 1 313 133313 13133131311133133113 3333313131 1333131313 13-Χ
1131 13113313, 3331133333 31333 1 3331333331 331313. 11111 1113133133
trapi} 313 1333333333 33 31313 1 3 13333, 13 333131 3311331 33131 313313
1131133133 33333 333313333313, gdy dymy i 3331313 3333131333 i wojsko 111-
1333113 3 3333 1 133133 313313, 3 33133 1331313313 1133111 1311331133331,
313131 313331313 333331 3133333 3333313331 jego ratunku. 8133331 33-
133113 33111 313 1333313131 33333313113313331313, 1 1313333333133 131-
131 1333333 313133133313133. 11313133 313 33113 313333, 313 333133 33
13131 333311 3 131 1131313 3331313313, 3333131 33333313 3311 3333311133,
11133 33 331313313 113313 1313131333313, 313 3 31313313113 311 33133 31313

33333131113331 3313111, 1 13113 3331313 3313331 3133333331, 13113 331333·-
313333· 3 3133333· 331313 1313333311. 13131 13 Wincentego 3 83333-
J. Dm. Ddeje Pom. Κι 11. 1⁸

 

