111111 11111 1111111111 111111 111111111111 111111 1111111 1
ι31111111111111(11131111)11111131111(11111111111114111111111
-111 1111111113 11 1111111111 111111 1111 1111111111 111111111111111 11111
1111111111 11111111111131111111 11111111 11111111111111 11111111 1111
-1111 11111 11111111 11 1111111 (111111 111 1111111111 11111 M ι111111
11111111 111 11311111 1111111111 111111111111111111 11111111 1 (1111
-111 111111 111111 11 1111) 11111111 111111111111 11111111 1 1111111111
111111 11 11111111 11111111 11111111 1111111111 11111111111111111111
ί111111111111111111111111111 11 1111111111 11111111 111111 13 111111111111
1111111111111111111111111111111111111111111
1111111111 1 1111111111 1111111111 (1111111111111111 1111111111 1111111
-11 1111111111 1111111111 1 11111111111111111111111111111 1111111111 (111
-11111 1111111111) 1111111111 31111111111 (3111113111111111
1111111111 1111111111 111111 1111111111 111 ί1111111111131111111111111
11111 1111111111111111111111111111 ί1111111111 111111 1111 1 11111111
1111111111111 <11111111111111111111111111 111 (11111 11111111 11111
-111111 1111111 1111111111 11 11 111111111111111111 11111111 11111 M 111111
1111111111 1111111111 11131111 11111 M 1311 1111111 111111 11111 111111
111111 1111111111111111 11111 111111 1 111111111111 111 1311111111
-111 11111111 1111131111 1111113111 111 1113111 11111111 111 111 1111111111
111 1 11 ι111111111111 (111113 11111111 1 11111111111111111111111 1111
-1111 111111 131111111 1 11111111 1311 11111111111111111 111 (11111111
1111 111 11111 111 (131111111111111111111111111 11 1111111111 11111
1111111 1111111111 11111111 ’1111111111111111111 1 11113111
1111111113111111111111111 11111111 11 11 1111111 11113 ι11111111 1
1111111111111 111111 1111111 11111111 11111311 11 1111 11111111111111
11111111 1111111111 1 1111 ι1111111111 1111 1111111111 11 111111 ξ1111
-111111 1111111111111111 1311111111 11111 ί1111111111 1311111111 11111 1
1111111 111111111111111111111 1111111111 1111111111 1111111 11111 M
11111311 1311 111111 M 1111111111111 11 1111111 1111111 1111111111
-1111 11 1111111 ι11111111 1 1111111111111111111111111111111 ι111113
wls 11111 11111111 (1111111111 111111 11111111 11111111111111111
1111111111 1 6111111 11 11111111 11111111 111111 1 11111111 *11111
-11111 11111111 1 (1311111111 1111111111 131111111111111 (11111111
-111 1 1111111111 1111111 111111 (111111 1311111111 M 13111113 111111

11111 1 1111111111 111111 111 (11111111111111111111111111111 (11111
,1111111111 (1111111111111111111 1111111 11111111111111
1111 M 1111111111111111 1111111111 11111111 1111111111 1111111111

11111 ’11111111 1111111111 111

 

