1. 1316. 1111111111 11111111. 751

1111111111, 111111 11111111 1111111 11111, 1111111111111 1 11111111
1111111111 11111111 01111111111, 11111111, 11 1111111111111111
1111111111111 1111111, 1111111111.

nuk Pafum 1⁸1⁰.

111111111111111 111111. 1111111 111111 1111111 1111 11111111 1111111111-
1111 111111111 1111111111111.

111111 1111111 1111111111 11111111111 1111111 1 1111 1111111 ι

111111 1111111 1 11111111 1111111111, 111111 11 11111111, 111 111111111
11111 1111111 111111111111 11111111 11111111111111, 11111111111111111-
11111 1 111111 111111 111 1111111 1111111111. 1111111111] 11111111 111-
1111111 111111 11111 111111 (pictaviensis), 11111111111111111-
11111, 11111 11111111 1111111 1111 11111111, 1111111111111 111111 -
1111111, 11111111111111 1 1111111111 11111 111111 1111111111111111
1 1111111188. 1111111111 111111 1 11111, po 111111111111111111 11111-
§niodo 11111111, 11 1111 11111111111111111111181111111, 111111 1111111
111111 11111111 (11 (11111111) 1111 1111111, 1111111111 1111111
1111111111111, 11111 111111 XXII 1111111 1 1111 1111111 1111111111
1 11111111111111111 111111 1111111111. 1111 11111 1111111111 11111
1111111111, 11111811111111111111111111, 111111111111, 1111
11111111 111118111111, 111111111111111111111111111111111111-
1111111 Polskiego, 111111111111 1111111111 1111111111 11111111-

111. 111111 1111111111 111111 1111111111111111 1111111111111 1111111 =*

i po 11111111 11111111 11111111. 1111111111111111111 1111111111111 111-
111111111, 1111111111111111111, 8. 11111111 111111111111111111,
11111111 11111 111111111111 1111111,11111111111. Tego 11111 111111
111111Β1111111 111111 1111111 1111111111 1111 11 J 111 111111111-
1111111 1 111111, 111 111 11111111111 go 1111111111111 11111111 11 1111·-
mu. 111111 1 11 111111111111111111111111 111111 111 11111111, 111111
1111111111, 11 1111111 111111 111111 11111111111 11111111, 111111 111-
1111 11111111111111111111, 11111 111111 1111111111 1111111, 111111111
1111111111. ’1111111 1111111111 111111, 1111 1111111 1111111111 1 11-
11111111 11111111, 1111111111111111111111 1 11111111 1111111111, 1111 1111-
1111111 1111111111 1111111111 11111111 11111 11111111111111111, 1111
111 Β1111111 1111111111 1111111111 1111111.

 

