1. 1322. 1111111111 1111111111. 101

stein. 11111111111111111111111111 Ρ111111111 1 8111111111111111
111111 1111111111111111111111111 111 1111111, 1111 1111111111 1111111111
wojny 11111 11111111111111 11111 11111111 1 11111, 1111111111 111111 11 spo·
111 1111111 11111 111111 1111 1111111111111, 11 1111111111 1111111 1111·
11111 111111 111111 1111111. 111111111111 1111111111111111111111111111,
1111111111 1 1111111111, 111111 1 1111111111 111111 uad 111 11111, 1 11111111
111111111111111, 111111 11111 do 1111. 111111111 Β1111111111, 1111111111
11111111111 1 Brzegskiego, 11111111111Η1111111111111111111-
1111111111 1 11111111111, 11111111 1111111, 1111111111, 1111111111
1 11111 11111 11111111 111111 1111111 111111, 1111111 1111111111 wojny 111111
111111 Η11111ο11, 11111111 111111 1111111 111111111111111 111111111-

1111. 1111111111] 111111111111111, 11111111 spokojny i (1111111 11111- ,

11111, 111111 1111111111 11 Β11111111 1111111111 1111111111111111,
1 111 111111111111111111 111 11111111 11111 11111111 1111111111111 brata,¹
1111111111 1 nim 11111111111111 11111 1111111111, 11111111 1 11111111-
11111111 do 1111111111 11111 Polskiego, 1 1111111 111111111111
11111111 1111111111 111111111111, 1111111111 11111111 jak 11111111 11111-
1111111111 1111111, 1111111111 mu 1111111 1111111111 1111111 1111111-
111 1111 1 1111111111 111111111111; 11111 11111111, 1111 je raozej
Polaoy 111 (11111 1111111111. 1111111111 1111 1111111111 1111111111·
11111111 11111111 11111111111 1 1111111111, 11111 1111111111111111
11111111111111, 1111111 111111111 Ligniokiego 1111111111 1111-
111111111111111111; 111111111111111, 1111111111 111 1111111111 Η111111

Ν 1111111111, 11111 mu 111111 1 11111111 111111111111, 111111 111111 1111111

11111 1111111111, 11111111 111111111111111111111111, 11111111 11111-
11111 (1111111111 1111111111 111111 1 1111111111 1111111111111, 111111111111
Η11111111 111111111111111111 1 11111111111111. 1111111011111 do?
wiedziawszy 111, 11Η11111 11111111111111111 111111111111111111111,
111111 111111 1111111111 11111111 11111 11111111 11111111 111111111111111111
11111111111111111111111111 111111111111111111111111. Po-
111111111 1111 1111 1111111 111111 111111 11111 111 ’1111111111 1 1111111. Ρ111·
111111 go do siebie, 1111111111111111111111 1111111111, 11111111111111111
,111 11111111 1111111111111 1111111111 do 1111111111 mu 1111111 1 11111111
1111111111111. 1111111111111111Η1111111111111111111111111-
1111Β1111111111111111111111111111111Β111111111111111111
1111111111, 111111111111111Ι 1111111 1111 11111111111111111, 111111 11·
111111 11 111111ρί1111 1 1111111111 1 1111111111 1111111 1111111111 11111111-

skiego, 111111111 1111111111 1 11111111111 1111111111 sami mu 11 ·

11111111111111111111111111111111 1111111111 1111111111 1111111
11111111111111 1 1111111111, 1111111111111111111111111111 1111111111-

 

