003 00000 0 0000000 000 000000 0000000000 000 000000000οο M 0000000 00
00000 00000000 0 000000 0000000 000000 0000 00 0000000000 0 ι000000 0000
· 0000000000 5000000000 03 0000000 ι000000000ιο 000000 000 00000000 ι00000000
0 0000000 03000000 0000000000 M 00000000 00000 0000000 0000000000
00000000 M 000000 00000000000 M 00000 0 0000030000 00000000 (000000
0000 0000000000 00030 M 0 0000000000 00000000 0000000000 00000 00000
0000100 0000000030 00000000 000 ι000 000000 0000000000 0000000 0 000000

00 0 0000000000ρο 0000000 00000 op 00003 0000000000000 000 0030 M 00
0000000000 000000000 0 ’00000000 000000 0000 00000000οε00 000 00000 000000
000000 (000000οο0 0000000000000 0300 pod 0 0000000000 0300 0 000000 00000
00 00 00000000 (0000000000000 00000000 00000ος0 00000000 000000
0001000000 00000000 0000000000 00000000 0 0000000 000 00000000 (00000
000000 0 00000 0300000 000000 0 0 0000000000 000 0000000000 0000000000 00
ι00000ος 00000 0000 0 0000000000 0 (0000001 00000 0 00000 000 0 00000 >
-00 00000 000000οο0) 0 00000ος 00000 0030000 000000 0000000000 00000
00000000) 0 0000000000000 0 000000 0 0000 00 00000000 έο0000
-000 00000 0000 00000000 M 000001 0000 000000 M 00000000 00000
00 0000000 ι00000000 03000000 0000000000 M 000000000οο 0 ’0000000000
000003 00 ’000003 00 00000 00000000 000 0000 00 (0000000300 00000000 000
000000000οᾶ0 0000000 00000 000000000οΠ 00 000 00000000 ’00000 0000000000
0300 0000000 00003 ’0000000000οᾶ 000000οΖ op 0000000000 0 03 0030
0000000 03 00000 ι03000000000000 00000 0000 00 pod 0 000000οΖ 00000 ·
0000000000 0000000000 030000000000 (00000000 00 0000000000000 0000000000

0000 z ’000000 0 00 00000000οο0 (0000000000 0300 00000000 (0000000000 0 Ι

0000000000 ι00000000 0 00000000 000 0000000000 0000000000 0000 op 0300000
0000000000 000000000οη 00 ι00000 0 000 0000000 000 (030000 000000 00

0300 0000 000000000 M 00000 00000000 0000000000 ’00000000 000000 0000 .

000 0 00000 0000000000 op 0300000001 000 0000000000 0000000 0000000000 300000
000 003 000000 000000 00 00000000000 M 0000000000 000000 0 00000000
00000 ι0000000000 000000 000 00000 000 εο0000000 M 000 0000000000 0 000
-0000 000 0000000 00000000000 0000000003 po 0000000 ι0000000)1 op 0000001
000000 0 00000 000000 ’00 0000000000 00000 0 003 00000000 ’000000
0000 000 M op 000000 0000000000 000000 00000000 0 0000000000 ι000000
0000 00000 00000000 00000 00000000 ι0000000 00000 000000 000 0 000000
-0000 0000000 Ι00000000 0000000 0 ί00000000 00 0000000000 op 000000 00000
-0001 000000 00000 000 000000 003 000 00000000 00000 0 000 00000000 00
00000000 0 0000000000 000000 00 03 0000000 000000 000 (000000 0 (000000 000
-000 po 00000000000 000 00 00000000 op 000 0000300000 0000000 00
03000000 0000000000 M 00000000 000000 0000003000 0000 000000
(0000000000 00000000 03000000 00000000000 ί,00000000 000000003000

’9031 Ἦ 'mssss'l 989

 

