118 1111101111 10111111. 111329.Ι

i 11101011Κ11111111011111111, 11111111, 0101111111111011. 1011101101111
10011110 11111011 1101011101 11 1111111 1111110111 1111111111 101·
01011011, 111111 11011111 1 przokupstwem 111011 1111011110111111011
’ 00110 1101110 1 1111111 1111011 1100110 00111 111111110101111 1110111111,
1 1101001111 1111110101 1111011 1 0101011011 11011, 1110111111 1 10011110-
101 10 kogo 1110101110110010101110 w 01110 1100 1110101111 1 1110111111.
(10111 uwag'i i 111111111111111, 1111101010 110110011100110 1011111110
110111 1010101101, 1111011 11111 01 1111 111111 1100111110 1111111
10110 110111, 0 11110] 1110111011, 10 1111110111111111 1111101001111111111
1111101111 1 10111 111101110101101 010101 1111100111 Polskiego, i 11
1101111 11111101 1011111011111 11 10111 11011111 1001110110 Pomona,
1101111110 je przed 1111111 110 110 11101 Bogiem, 11111 11111 110 111110
01111 11111101001 1 111111, 1 01111101111110 1111011101. 1101111 01, 11111111
101111111010111 111110 0101111 11110111, 110 1111011111, 1011 11111111
11110 1110111111 1 1111111111111001011111, 1111011111 1011101 111111100110
111111 01110 1100101010 1111111 1111 111111 0100111030, 11110 111101
1001001011 ‘

Α »1111111Βο101110111 11110101111Ρο1111, 1111111101111· ·
„ski, 1111111011 1 10110 011101 Boga 111111 11110011110110110111111011,
,1111101 11111111110111, 1111101111 11011, oznajmujemy 111101011111011011
»1101111 1011011111 01001111 1 powmnym: Ze gdy miedzy innomi 1010110111
,1011111111 11101 111110 001011 sie 1111100110 1101100110, te 011110 1111111
»11111101 11111111 1111111111111101011, 11011 11111111111111101101 1110
,11011111 1 11111 0111110 Βο111Ι 1011101111] 01111 11010 ku 1011 1111011011
„i podzwignienim 11010111 111 11010110, 1111 warner 10 0100101 (011011)
»11011111110111111011 100101011030 01111111 S. Maryi 1010101111-
,011101 11111011110111010, 0001111010111111 Pruskiej, 0111110111 1101111
»1101011111101111111 1 1010110111 0111111111, w 1011110110111111111 011110-
· ,1111101101 1 jej 0110110 1110111 1111111011 1 innym 1100111110101011 011110-
η101110111 0111110 0111111011 niezlomnym‚ jak 10 sami widziolifimy, 1101111
„trudy i 10111110 1010111111 011111 11111010 1111110, 1111 11001011 1110111
„i 111011 11110111 1110001010, 01111111 1 1111111)1 11111111 11101 011111
»111011010011111 ipoddanyoh 0101011 1111 0111001110]ι 1010110111 1110-
„przyjaciolom 11111011111011101110] 0110111 sie mogli, i 1110101111οὴ pobo-
„knyoh 0111111010011111111, 1111111110010010 0111111111 1101100111 10111
„i 1101111111 11111011100111 w 01010010101110Κ1111111111, 1111101111οἰ
,1111101101 11011011 101110111111, 11011010111111 1101110111, 111 1111110111
»1001 11011011 1111111011111100111, 101111 1110111011, 1010111110111 0111111
,11101011 11 1101111111 1010111101101110, 10111 10111111, 11011010101111
,1011111 1010101011 ani 0111101011, 1101 101101 1011, 0101011011111111010-

 

