xAzmmRz W.

non Ριιὶιιιι nn.

110ιί011011 1111 1011111 0110110 {jud 00110 1000011 1010100· 01100111010111
“ 00010 110 010111οε 1001 0110101000 10 10100000110111 110 0100, 000010 10 01-
01010 1010110, 0 0011100 0101010 1100111011.

Κο011111010 1101Ρο10110111000, 11 0 001110ου000 001111 0110000·
1110 1010111101όο 10110000 0100010001 0111110, 10 00000111 11110110 1 001011
0 01010000· 01010110111010 dumio 101011001οέ01, 010101 010011 001110 0000011101
010111 110100100, 0110 010 00οό11110 1101011011, 00011 110 10110110 01000 11101100
1 001011 Κ1001011όο 0100000010 010 010111 1000101101, (110101101101
1 11101010001100, 0010101110 11010 010001ος1 1 001011001000011000 010110
miano 00000111, 1 00110 0001111 00101010. (1110 0100 10000 001010 0011 1000000,
0000000 0101001 1 00110010 00010111 1 1101110οο1110] 0100011, 10 0 1011011 0000011
110 10111010 Κ100101όο, 0100011010οο0 00110010 110110, 11110110 001110 0101 sie
moglo 001001000110111 1 1011000101010, 1 0001001101 00 001001000001110 010011-
00100 01000 110 0100100000110011, Pomorskiej, cheminskiej 1111-
0101000110 j, 1101001011 Ρο101101110 0111100000, 110 11101110 11010 00000110
10 01011 10000100000111111010110 01111111, 0 zgubniojszyoh jeszcze 10101110 010
1100110, gdyby 0011] 01000010 00010101 0001 101 1000101111 0011110111, 0111111110
· 1101000011οωί 110 01000 1111όο 00110101100, 00 000000 11010110 0010111060, 010
01000 0100100100101 110010100οο11 010 00 0000100000, 00 1101011011111101111001
do 0010010010, 010 10001010001110111; 00110· 1110101 0101000110 jak 10000100-
10000000. 11100010 10, 001011 0000000, 0111000100 1110110 0001101000011110100,
0010ςο 1100001101 1 0011111010 do wojny‚ 0 110 0100111101οθ. [1011001111 010οι
,10 1011110 1111010 11010 0011111 nio 010001011οἔ 11000 gdy 1011011 0000010

0 0100001001ἰο 001110, 11110 0 0100000110, 11 (1000001010 00110111 110 01000010,
0001010101, 0001010010110 aby 1110 (10101010000001110, 010 gdyby 000110 00110110
11010, 0100111010 001000101010111; do 0101100 001100010101100· 00111011 001010-
1110 1 00101101 00111000. Α gdy do takowogo 000010100 00110110 111010, 11010110

101 0011101110 00100101 0000101110, 001101 003011 110 J 0110 0010111010 00
8111000, 11101000 110100011000, 1110 01010 00010100, 0 0010000010 10011-
1101 1111100111 100001001110100, 0100000001, 1001100001οἰ 1010111000 0 00100001
0111100110οὴ (10101010001110. Ten 0011111 1101010010 0 0101110 1 01000110 0001100110,
0011101 010 10 Benedykta XII 01010101101011110110, 0110 11000110 00-
100110010111100101 Ρο1011011111, 00001110 0001100101οο 10101100 1 001010
110010011000, 1 00001110 001110 1010000101101011010101110011, 1010010000ιο
1110100001 1 0010111011οο11ἰο 1011101101όο 01001010011. Ρο111ό1 10 1 0000101οο ihm
0110111100· 1 1100 0111000101ἱο 0100101000101, 10 111101 1101101010, 11 0000011016111

 

