111409. 1111111111 11111111. 151

,1111 11111111 11111111 111 11111111111, 111111111111111, 111 11111111 111-
,1111111111 111111111111. 1111 111 111111Ι 11111111 111111 1111111111111
,11111 nimi 111 11111111, 1111 111 11111111Ι 1111111111111 111111, 1111111-
,11111 1111111. I 1111 1111111111111 111111 1111111111111 1111111 Bogu 8111-
,1111111111 111111 11111 11111111111111, 1 1 11111111 111111 11111111111111111
,111111 111111 111111 1 11111 111111 11 11111111, 11 11111 1111111 11111111-
,1111 8111111 jego 1111111; 1 1111 111111111111111 1111111111 1111111111
,1111111 11111111 11111, 111111111111 111, 11 11111111 (1111111111111111111 111-
,11111111111111111 11111111 jedna 1 1111 111111, 11 1 1111111111111 nam
,111111111111 1 1111111111111111 11111 111111 111111 11111111 111 111111
,1111111 (11111111 111111111111111111, 1111111111111 1111111111 1 111111
,11111111 1111111111 1111111111111111 1111111111111 1 1111111111 11111111111
,11111 1111111 111111111111111 11111111 1111111111 11111111. 11111 11-
,11111111 1 11111 111111111 111111 1 11111111111111111111111111111111111
,1 1111, 11111111, 1111111111 111 11111111, 111 1111111111 1111111111111-
,11111111 11111111 111111, 1111111 1111111111 11111111Ρ1111111
,11111111 111111 Κ11111111 1111111111111111 11111111111111 11111111,
,1 1111111111111111111, 11111 1111111111 111111111111111· 11111111 11111-
,111111 1111111 111111111111111-111111 11111111111111111111, 11111
,111111 1111111111 1111111111, 11 1111111 1111111111 1111111111. 11111 111111
,1111111111 111 11111111, 111 1111111 11111111111111 1111111111 1111111
,1111111 111111111111111111111 1111111 1111111 111 1111111 1111111 1111
,1111111111 1111111; 1111111111111111, 111111 11111 11111111 111111
,1111 1 111 111111111, do nas i brata naszego 1111 1111111111 11111-
,111111111 11111111, 11111111111111 11111, 1111111111, 1111111111111111
,1 11111 11111111] 1111111111 111111111. 11111 111111111111111111111111
,1111111111111 1111111111 11111 111111111111, 11111111111111 111 111 11111-
,11 11111 1111111111111. 11111 11111111111111 11111 1 1111111111111111111·
,111 1111111111111, 11111 111111 1111111111 1 11111 111111111111111111111
,11111 111111111111111 1111111 111111111111111111, 111 11111111 111 111
,1111111111111 1111111111· 11111111111111. 111111111111111111 11111
,1 11111111111111, 111111 1111111111 1111 1111111 1111111111, 1111111111
,111111111 11111 11111111111 11111111. (11111 111 1111 1 111111ι 11111111-
,11111111111111 1111111111, 1111111111 111 11111111 111111111111 111111-

,1111111 111111 111111111, 11111 11 11111111 11111111 1111111· 1111111111
,1111111111 1111111, 11111111111111111111111 1111111111, 1111111111111
,Κ1111111 1111111 111 1 11111 11111111 1111111111 1111111111 11111111
,11111111 11111 1111 111111. 11111111 1111111 111 1111111111, 11111 11111
,1111111111111 111111111. 1111 111111111111111111111111 11111111 1 111-
,1111 111 111111111; 111111 1111111111 11111111· 1 111111 1111111 1111111

 

