111363. 1111111101 w. 273

Ludwika 111111101101011010, 1010 101 Κ1111110111 Polskiego
111101 11000110 8101101 110010101111 1 111110110 Κ110110001111 0011110
111101 ,0111 111 1101110110 101011 11110110110110 10 0101010 1010101011 110-
10011, 1111010011101 11011111 1110111 nimi 110101, 1110111101011110111011
,1011101001111, 1 10010110 11101100 1111111010, Βο11101011 101010οἱ1
,8111011010 01110, 111111111011011111Ρο1011010 10111111111110-
,11 11110110, 1111111111 111 11111 1101101011010 101001110101001111
,11011010 010011101100, 1101111 1111111111Κ11010111111110110110 1111011,
,11111 1111 11111110 1101101101 10110 Annio 0000110101, 01100 Ηο11111

,11111001110111110110110110111110010111000111111,1111110010 - ‚

,101010110101111 11111101, 011011011.“ 111101011 11110110, po 1111011101
1111100111010110111011, 11111111011 010111010111111 1110111 obn 11110011,
111 1101011111 8101101 110010101111, 10111011101111010111 01110101010110101
1111101011111011 10101101101, 11 1110110 1111111 1011101111. Β11 1110111011 Κ1-
101000111 111110111111101001111001011 1111111111 11110 1101101-
011010, 111100 11 0011010111 01110, 11011010 1110110101 1011 1111111,
0111111111 Frank6w3 1001111 110 1111111 1010111111 0101111101 11111
1111111111. 11101 tego, 11111 1111101 1011010 1111 011001111110111 1 11011111,
011111 11 1100111 11111011 10 11111111 1011101101110, 00101111 1111111 11101111
1111 010 011111 Κ10101111 11 (1100011011. Γ11110 10111011 1111011101 1100101-
011 01 Κ11010 0001110 111010 1110011010 11101 11000110, 11111 razio
11101111111110101101 1111011111 1011101101111 110111 111111 111111, 1111111
prquzogo 10111110111101100101101 1101111 1101011101, 1 101110010101011101

11111 110101110110101110101. (111110010110110, 00 0100111111011110111 2

101101101111, 11101 111011011 1100101011010 101011101111 1111011111] 10-
01010, 0 (1111010 11010110001011111011001110 01010101011111111011 10110, igdy
1010111 1111111 1010111111 010111101011010111, 1111011101 1100101011 111011011-
01110 Pragi, 011111111 1111011 1111011010 1111010111 001111001
010101 011101 1 1111101111 01010 111111111οθ111 101011 1 01010110111 11011111
101110110110. 000011101110101011111111Βο111, 0101111110111011110-
011 11110111 01010111100110111111010111 1111011011, 0111111110, 10 0101110
110111 0101, 11011011011011011 8101101 110010101101 111 110110111111 11011111
1010011, 110111 1111111111, 11111011 mia} 10111 101101111100101, 1111111 1111-
101110 1011101101111 11111111. 0 01111 111010111111 1 101110111101110001
10110111011, 1101111011011101101111010111011 1 10011011.

3. bucon. 111101οΡ01011.Κο. Π.

 

