194 1111111111 w. 1. 1343. ,

11111 Ρ1111111111, 011111111111· 11111111111111, 111 11111111
11111111] 1111111111 11111111 1111111111 1111111111, 111111 1111111111
11111111111111111, Κ111111111 1111 Ρ11111, 11111 1111111111 111111
1111111111 1111111111 1 111111, 111111111111, 111 mu 11111111 111111
111 11111111 1 1111111111 1111111 1111111111111111, 1111111111 11111111 1111-
1111 11111 11111111 1 Κ11111111 1111111, mimo 1111111111111111 1111111111
11111111, 11111111 1111111 11 1111111111, 1 11111· 111111, 111111111111111-
11111111 11111111, 1111111 1 1111111111111111111 111111 1111111111111111
111111 11111 1111111111, 1 1111111111111111, 1111111111 1111111 1111111
1 111111. (11111111111111111111 S. Prokopa 11111111 do 11111111
11111111 111111111 111111, 11111111111111 1111111111111 1111111111 111-
1111111, 1111 1111111111 1111111111, 1111 1111111, 1111111111 111· 11111
1111111 1111111111, 1111111111. 111111 11 1111111111 1111 11111111 111-
11111111, 1111111111111 (111111 S. Κ111111 111111 1111111111, 1 1111111,
111-11 111111111έοί1 111 1111111 1111111 1111111111, 11111111 1111111111 111-
1111111, 11 11111111 11111 111111 (11111111Ρ1111111111, 1 111111 1111111,
111111011111111111111111111111111,11111111,111111111111111-
1111 11111111 1111111111 1111111111, 111 11111 1111111111111, 1111111
111111 11111111 1111111111 111111 111 111111, 111111 11 11111111 11111-
1111111111 1111111111 11, 1111. 1111111111111111 (111111, 11111 111111· 1111111111

. 1111111111111111111 11111111, 1111111111111 pod 1111111111 11111111

1 11111111, nim 111 111 1111111 11 1111111111 1111111 1 11111111111111111ε
1111111111 1111111, 11 11111 111111 1111111111 sie w 1111111 1 1111111111 1111-
1111111111111 1111111 1111111111· Ι1111111111111111 1111111, 111111, 1111111111,
’ 111111111111· go 1111111111 1 111111 111 111111111111 111 1111111111.
Ζ11111111111 1111111111 1111111 S. 111111 1111111111 11111 w 111111-
111111 1111111111 1Κ1111111111, 1111111 11111 111111 111111 1111111111
1111111111 1111111, 111111 1111111111 111111111111111111, od 1111111111
1111111111111, 111111111111 1111111 11111111111111111111111, 1111-

, 111111111111111111111. 1111 11111111 (11111 do 111111 1111111111, na

11111 11111111 111111111111111111111111 1111111 1111111111 1 1111111, 11-
11111 1111111 Ρ11111 Ludolf Konig 1 1111111111 111111, 111111 1111
111111111111111111111111, 1111111 1111111111111 1111111111 1111111111
1111111111, 1111111111] 1 1111111111111, 1111111111 11111111Κ111-
11111; 1 1111111111 1111111111 11111111 1111111111 111111111111111111
1111111111. Κ1111111 1111111111 Wizki, idrugi Ziemowit (1111111,
11111111 111111 111111111111, Κ11111111111111111111111111-
111111 11111111, 1111111111111111111 111111111111· 1 1111111-
11111111, 1111111111 11111111 1111111 Κ111111, Ρ1111111, 811111-
mima, 81111, Κ111111,1111111111Β1111111, 1111111111 do

 

