342 · 000000. 01376.

„Litwini 010 0000001110 01010000 000010 101010 00 jego wspomnienie“. Pa-
00010 800100100000, 0100000000 01 10010000· 11111010, w 0101000
0100001 00100010000010, 01000101 100000 1 000100001 00100, 11100010000011

0100011000 010 00100010, 000000 010 00 00001010 1000100000010, 001 01010 010-
00000001010 01000001 0 010 0001000 01010001 00101010, 0001 0100011 010 001010-
0000 0000011010000· 00000010. 101010101001000101100000, 11010101, Ja-
0101101111011, 01 1001, 111100 1 (100100, 101010 0011001001
01 10010, 0 (10000000 01 Βο100, 00000 00010 0101100 1001010110
0010000000 0101000000 00010100, 0000 0010110 10101000 001010]οω00 00 ow
, 0000 w 00101, 0000 00100000000100010110000, 000101010010000 00-
010001 1000001 1 1001001001, 0110 00011 8000 1010 drugiego 0010000010-
10011. Ρο00000 0000000010000 010 00000 San, 00000001110000010 00000100οπ0
- 000000, 0 0001000οο 0001000 0100000 1 10010000 0010 1 101001000001011001
00010100 111010 0 Sanam 00001000011, 10101010 00001111,111000000010
1001010010000· 0101, 000000101000110110110000· 101010000 0000001011110
11100. 1000100 0000100001000 00101110000001 0100000000101 001 0010 Βο00
000000 1010101010] 001 11010000, 000 001000, 010010οο1 1000000
00001101000 (101010100011000, gdy 0010101010 01010 0010100, 00100000
101010000, 1000000101 0001000 100100000οό0 0000100 010 001000000, 000001
1000 000101 1010010 0001001110, 0000000 010 010000000, 1000101000οθ 0 0010
0010010, 00001001 010 00000 110000 0100000000101, 1001000000101111010, 1
00100 1100100001 go Litwin6w i 001010100001000100 00010 0001011; 0101,
0000011010 000011 0100011 111000 001 00 11101010 0 1000000, 10001010- ³
0101110110110, 0101000100 000011000000111011101 001 (111010- ,
· 00000) 00 00011001010010000· 11111010 000101000100000010 11001000 ’
0000111010, 001000 00111001 1 000111 1010110101, 0010100 00000 00010 000-
1011010001000, 00000000110 010 00000 111010 1 0101010 10 10010010000. J
111010001001 001001010000 000100οἰ0 010010010000 0101010100000001011- ’
twa w 0100010. Κο01000 11111010 1001010100000 010 0101 01000000· 110000,
0011000100 100010 0000010000, 01001 00001000 00 0000011000, 1 0000101 00-
0010100000000001010100 1000011 001100 00010010, ,10000000101011 κ
·,,010100000 0001001010] 1000010 0000010000] im 00000 11101010, 1 000001
,010000010010110 0010010 001000001 0001οό0“. 0110100001000Ι 000000011ιο 3
Litwini wojowali‚ 1000101010 00101000 0010000001000001ε 11101010 Ι
1001000 000000010100000010101000010; 0000000000 0101000 10011 010 001 ·!
00100001, 000000001, 0100000011000101001 1 1001001001, 0 0010000000 00001
10100001 1010110001, 000110 01001011 010 01000110 11100. 11001000 11010 ’
000010 1010110 0100010, 0000011 1001 0000110 0000111011 100100 1010110, ..ιζ
0000000100 0001000010000010010110 0010000] 10 00000. ’.10101001010011000- ’ ’
001000000010 010100 110 10101όο 101 0010111000 010 000011 1001000 001 za·-

 

