1. 1383. 1111161111. 393

1111111 11111111, Η1111111 1Ρ111111111, 1111111111 1111111111 11111- ·
dania, 1 111111 11 11111 11111111 11111 krol Polski 111111 111 1111111111
1111111 1111111, 1111111111, 11 11 1111111111, 11111 1111111111 11111111
1111111111111 1 11111111 1111111111 Polskiogo, 111111111111111 11111111,
11 1111111111 11111111111111111111, 111111 11111111 1111111111 1111111111·
11111111, 11111111 111111111111111 1111111111 1111111111 (1111111111, mia}
jak grzech 11111111 11111111.

non mm 1⁸08.

111111 111111ιί 11111111 1111111111 1 1111111111 1111111111, 1111111111-

1111· 111111, 1111111111 11111111, 1111111111 11111 1111111111111111111 11111

1111111111111111111111; 11111 11111111 1111111111 1 ableg· 11111111-
11111, 1 v 11111111 1111111111 1111111 min 111111.

111111 11111111 1 1111111 11111 1 1111111111111111111 Polski 1111-
1111111111111 1 Ρ11111111, 11111 (11111111, 1111111111111-
11111111111111, 1111111 1111111111111111111111111, 1111111 11111 1111
do 1111111111, 1111111111111111 11111 1111111 1111111111111111111111,
1111111111 111 1111111 111111111111 11 111111 1111111, 1111111111 1111111-
111111 albo 11111111, 1111111 11111 11111111, (111 11111111111 11111111]
11111111, 11111 1111111111111111111 1111111111 1111111111111111, 111111·
111 111111111111111111, 111 1111 11111 1111111 1 111111111111111111111-
1111111111111111111, 111111 111 11111 01111111, 8111111, Κ1111-
11111 1 innomi 111111111111111111111, 1 (11111111111111111111, 1111111111
1 11111111111111 11111111111, 111111111 1111111 11111111 11111111, 111 11111
1111111 11111 11111111111111 1 11111111 1111111111· Polski 1111111111
1111111111 1 (111111, 1 11111111 111111111111111111111 11111111, 11111111,
1111111111, 1111111111 1111111111 11111111111111, 11111111 111 111 1111111111
· 111111Ι 1111111. Ρ111ο111111 11111111111111111111 1111111111 11111111111
1111111111 do 111111, 11111111 1111111 11111111 1 111111111111111 11111111,
1111111· 1111111111 111111111111 1111111, 1111111111 1111111 1111111, 11111111
1 111111 111111, 1111111 1111 1 11111 1111111111111. Ρ1111111111111 1 11111111
Ρ1111111, 1111111111 1111111111 11111111 111 11111 111111 111111, 111111 111
11111111111111111 111 broni, 1111111111111 11111111111 1Κ111,
11111111 Ρ111111111111. 11111111 1111111 Β1111111 1 Κ111111,
111111 (1111111111111 1111111111, 1 1111111111, 1 1111111111111111111111
111111, 111111111111 1111111111 11111111111Ρ11111, 111111111111111 11111111 ’

J, Nagou- Ddtj· rehu. 11. X. 50

 

