666 mmmm. . 12'. 666.

666616 66661, 1 6 16161616 1111661666116, 1116616166616161666666-
661 1 61616661, 6666166666 666161. Za 16616 616616 616611661 66 66666 nar
616666116616616Ζ111616 6661666161661 1 1666611661 1116616661161,
111666 6 nim 66616166 16 61616 6161611, 16 61666666 66 6616161666 66116
16166161666166, 61666 1 61611616 66 6166666661, 6611166666 6666611161, 616
61616 66166161 666161 1 1116 1661666661 616 61616666611 611666, 616116
66661166666661161 666111166666 16666666, 616 661666 61611 6666116161
6616161616 6116666161 6661666661.

1161661666 buno i 6166616666166666116666 61616 1611661 66616666
16666616 6166 666616 6166661166 66666 166666, 16666 1 11661 66166

666161666616 6 1666661 Β6661616661161 1 1161661161 6666161116,
66161616 8666161666 1616616616 86666611611666 1 Ρ6666611666

· 666118166611666, 61666166 6 1616161666166616 16116161161186666-

61661161 (86666616666666), 16161616661666111611666666161161
(16616661), 61661 Κ6666116, 1166161616Κ661661611666 116166-
6166 6616166666 11166161 161666 616 6666616, 16 1616616161 6666616 666666
66616 1666161661616 66 616116 6161616666 66616 66666666 616 6616661611, 616-
6666 1 666166 616666611, 6 61666 666116 1 61661 66666616666661, 161666·

6161616 616611, 161666· 66616, 1116616 6616666 nio 66166616.

11661666 6166666 16666611616161166661616616 16166166 8666116116, alo 616
· 1666166616.

11616 166666 (1661616, 666666166 1666666 116161611666, 16116666
ι1616 1 616666, 6666611666 6 66616 (1616661611666, 16661 J 66666661
116161611666 66666 1666 66161666 Ρ666661611666 1166166666 win-
6661666 6666666666 66616666, 6666616 6666111661 61666661 6661611616-
6661611666 1 0616661611666, 666661616 616616 8666661161616
1616616616 8666161666 66161666, 16616666616 ja 1661661666 1666166661.
Α 616 1616166661666 6666616 61616166661616666, 161616 866616166, 66166-
666 6166666 666166 616666 66666 161616616111661661666 6 666666 8666661-
na, i 666166616666 6166161611166616 6616666666 8166666616 (8166-
666116661111, 1616166166 u 661166616661666 (nie 6161611166166 6666666
1666666 6616161, 6166161 66611, 666161661661 666616 61616666), 16666661·
6166666116616 11166 66166661, 6 111666 61616 6166666666161 166666 6616161
11666 666661116 61666161. ’

 

