1. 1382. 1111111. 387

11111 1111111 1 1111111111 w 1111 1111111111 1111111111, 1111111111 11
11111111 111111 1111111111, 1111111 111111111111111 1111 1111111111111·
111 1111Β1111111111111111111111111111111111,81111111111811-
11111Κ1111111111111111111111 11111111111111111111111. Κ1111
11111111111 1111111 Ρ11111, 111111 111111 111111111 111111 11111111
111111111111111, 1111111 111111 1 11111111111111, 111111 1111 11111111
11111111111 Κ111111111, 1111111111 1111111111111 Β111111111111111
01111111111111, 111111 go 111111111111 1111111111, boz 111111111111-
11111. 1111Β111111111111111111111 11111111 1 111 11111, 111111
01111111 111111. 1111 1111111 11111111 1111111 111 1111111 tego zamku:
1111 111111 0 111111111111 11111111111111111, 11111111111111 1111111111
1111111111, 1111111111, 11 111111 11 11111 1111111111, po 1111111111 11111
11111 1 11111111 111111111111, Ζ 11111111 1111111111 11111111111 111111
Ρ111111 1 111ςί111111 do 111111111 (111111111111111111 111·
1111) 111 111111 11111111 11111111 111111111 11111111 1111111111
1111 1111111 1111111111 111111111111111111 (11111111 11111111, 11111
11111111111111111, 11 11111111111111111111111 1111111111), 1 1111111
1111111111 1111111111 1 111111 1111111111. 1111111111 111111 1111111-
11111111111111 1 1111111 ’11111111 (1111111) 11 1111111111
111111111111111 1111111111 11111, 11111111111111 111111111111 do Β111ο-
1111111111 Regalis) i 11111111 11111 111111111111111111111 111111-
1111. Ρ111111 1 Ρ11111 111111111111, 111 111 11111111 111 1111111
111111 111111111. 1111111111 11111111 1111111 1111111111 111111 1111111111,
1111111111 11111111 1111111 1111111 1 1111111, 1111111 11 1111111 1111111111
1111111111 111111111111 1111111111111111111 111 1111111111. Na 1111111 111-
gierskioj 11111111 111 111111111111. Zygmunt 111111111111 111111111
1111111 11111 11111111, 111111 111111 1 11111 1111111111111· 1 111111
1 111111 11 Ρ1111111, 11111 11 1111111111 111111111111111111111, 111·
“ 111111111111 111111111. Κ1111 11111111 1 11111111, 1111111 111111
1111111 1 11111111 Wiolkiej Polski 11111111 1111111 11111 11111111-
1111 111111111111, 1111 1111111111 1 1111111111, 11111 11 11111111111
111 11111111111111111111, 11111111 1111111111111111· Polski, 1111-
11111111 111111, 11 1111111 1111111 1 Ρ11111 1111111111 1111111111, 111111111οὲ1
11111111 11111 11 111111 11111 11111111111111111111 1 111111, 11111111 11111-
11 1 1111111111 1111111111 1 111111111111111. 111 gdy Zygmunt 1111111111
11111111 11111111 1111111 1111111111 11111111, 1111111 11111111 ry· -
1111111 1111111111· Ρ111111 11111111· 1111111111 niego zgromadzeni, 1111-
11111111 1 Ρ1111111 1111111111.

 

