216 1111111111 ’1. · 11. 1361.

1111111111 Ρ11111111, 1111111111111111111111111Κ1111111.Η11111,
11111 111111111111, 1111111111 1111111111 1111111111, 1111111 1111 1111111-
111111111111. 1111111111 1111111111 1111111111 1111111111 1 1111111111 11111
11111 11111111, 1111111 1111111 1111111. 1111111 1111111111 111111111,
111 1111111 1111111111, 111111111111 11 111111111111111111111111, 11111
1111111111 11 1111111111 11111111111111111, 11111 1111111 1111111111-
1111, 11 1111111 1111111111 1111111 1111 1111111111 11111111, 111111
1111 11111111111 111111111111, 11111111 1 11111111. 11111111 11
1111111111111111111 1 11111111 1111111, 1 11111111 11111111, 111111 11111-
11111 1 1111111111, 1111111111 1111111111111111; 1111111111 11 111111-
11111111, 111111 1111111, 111111111111 11111 1111111 1111111111 11111111,
11111111 11111 111 1111111 11111111. Ρ111111111111 11111111 11111111 1111111111
1111 111111 1111111111, 111111111111111111111, 11111111 1111111111. 111
1111111111111 11111 11111 11111111, 11111 J 1111111 1111111111 11111-
111111111, 1111111 111111111111111111, 11111 1111111 111111 1111111 1
11111, 1 1111111111111 111111111111 1111111 swego 11111111. 111111111-
go 111111111 1111111, 11111 111111111111111 1111111111111, 1111111Ρ111
111111111111111111(11111111111111111111111, 111111 11111111.
1111111 1111111111 111 (11111111, 111111111111, i 1111111111 11111 in·
nemi 1111 Κ111111 1111111111, 1111111111 1111 111 111111111111111. Pom·
111111 111 11111 1111111111 1111111111, 111111111111, 111111 111111.
Po 1111111111111 1111111 1 11111111, 11111111111111 11111111111111111
111111, 1111111111· 1111111111 111111111111 1 Β111111111111, 11-
1111111111 111111111 1111111111, 111111 11 11111111 1111111 1111111 1 1111
1111111 11111111. Sam 1111111 111111111111111 1111111111111 1111111 111111
11111111 1111111111, 1111111111111 1111111111 111 1111111111
111 11111111 11 11111111 Ν1111111111111, 111111 111 1 1111 11111111
Β11111111111. A gdy 'go nie 1111 1111111 1111111111, 1111111111 1111111111
1111111111, 11111111 1 1111111111 1 111111 11 111111. ’11111111 1111111111 111
111111 1111 11111111.

11111111111111111 111 1111111111111111111111111 11111111 11111111 1111111111
1111111111.

1111111111 Π 11111 Ρ111111, 1111111111111111111 111111111111111111-
111111· 1 11111111 11111111 11111111111111111111111111, 1111111111 11111-
11111 1111111111111 111111 1111111111111111 1111111111 111111111-
1111 Κ11111111 1111111111 11 11111111 11111111111111 1 1111111 1111111
1111111111 1111111, 1 1111111111 go 111111111111111111. 1111111111 111111

 

