410 8888818888. 88. 1383.

¹ 811888, 88188888 88181881188 8881181888 8188881811888, 88188-
88818 18 181811 118 8818188818 818888818818181181 8888881 1118888118
181818818 11888818811888; 8 888888811888 1188, 11188 8888181188

181818 8111188188, 8188818 8818188881 818888888111888888 888888.
1888818188 81818 88181118 888888 8818188 8888881 Κ881888811881, 88811 8881818
11881888118 881818 818 w 188188 8818888881, 88811 81811 88 1188888888,
818181818188888888811ε ,18 888188 8888881881 818181881888 1188881188

,881818181818888881,“ 1881, 11188818 8188 8888888181, 8888188888 byli 88818-
88818, 18881888 ,18 8181811 8188188881 18 18188888818 88888181818818
,Ζ1888888118881, 818 88 jej pierwej 818 1818888881.1 Po 1111888818 181881,
18888881 8888888118 8888888888] 8 8881811888 8 8881 11888888 58888,
1 88188888888 818 8 8888881888 188188811188 1 888188188811188,
88888 8888181 1181888811 81888881 8818888888, 1 8888881118 88818, 818-
8188818 18818181, 18 1188888118 181818818 1 1888 8188881118 88181888, 88188-
8888818188181188888811 818 88181 88 8181 8181 888818] 8818188, 88811818
188188881881888881. 1188888118 88881888 1 8181818118 8888181818188818818188,
8 1811818818 8181188 118888888, 1118818818 8188881818 1818188818 118888-
8118, 8188181811881888 1881888881 1888 88881888, 8 88 18188 88881188
18 81818818 18118 88818888181888 8181888 18118 18188118. ’181881 118888-
888 8181188, 1118818818 881881888818881818, 181818818 J 888888, 818 18881
1888188818] 8888818881 881 181888811881818. 11818181881888 J 88888, 1888-
188 8181888818 8 8818888 88888881818888· 1818118881 18818811881888118·
mu i Ρ818118888, 8888888811 ja 81881881181818 8881888881 1 118 81881 1888,
8181888888 im 8888881888 8818888181 1 8881888818188. 1888818188 88 88881888 1818-
818818, 818 18811 88 88118 1888188818] 18188 88818818818 818 88 1811881888
1818118.

18888818118888188, 8 888188 1818181· 18118118 118118181188181888, 8811818
8188881 888881 188888 18 1888118 8 18118888 88181888, 1888 8818888818
188811 881 8 818118 18188 1118118 88888888 81818 188118 v 81818888 8888888188.

11888881 8 Ρ188881888188818188 1888818811, 8818888181888818,
18 88888 88888881 188888 818188888181 888881888118 8 1118118888
88888188, 818888 1 1888 81888818188, 8881888888 8 88188 188881 1 1881888 888888881-
1188888181,1818881888888818888188818188818881881811888,11888-
88818 8 01818188 1888181888188188881811888,11188811818 88888
88188, 188888818118888 81188188 8888181188 1811811888 1 1181181-
811888, 88888811 81888881 go i 8 8188818 88188881. Ale po 818181818888
88188818, 8888 1118888 88188118188 8 1888 8888888, 81818188188 881881818888

 

