11. 1334. 1101111101 1. 155

111011 0110111, do ozego 1111101110 0111111111 1101110. Ρ11110111 10111011 by} 1011
1011111011, 01110100101110110010 10101111 1011101 1 11110010 Β11011 10011-
1011 1 101111 210110111010111001011010110011010, 0110111111 10111110
0110101, 1011110111 11001010 biskupa Wloolawskieg0; 1 10110 101,
31111 1001100101ιί 11110110, 01111011010111101111, 1011011 1101001110 mogh,
011 10 oddae 1110111011 1 1111110101. 1001010 10110111 Κο111111011 krol
Polski 1110 01111 sie (1011 01111111, 011 111111101011 1101100101 1011 11001110
1010110, 1 1010110011110111000 11110 111110 01001110 go, 0110111 111111 100111
101110, 111011 1101001101010 1101010010101111010101111 1 1011010111 1110100101
11110011 110101. 1111110 101 (111010, 11110 011 111010 00111010 10101010, 11111100
1111111111 10 01111111, 111011011011001010111101, 1011 1 1010101111 01100111,
10110 1 101111 1 0001011010 11111111, (1011010101001011 0101011011, 11111010111
10111011, 1 11101110 1101111101 110 1010111010 1011001111, 0111101100, 111011010-
niem, 1111010111οη1 111010, 1011011010, 11111101101110011, 0101001101011011101,
11100110101101101010111111 1111001011 10110101 1 1110111; 1110110111 1111010101
1111111011, 1010110011011111101011111101111, 11010101110100101110. W 10111
0110οό11 1111110110 01101011 101100110, 0111010 11110010 1010111111 0101110111 111101-
00011111 1 11101011101111, 111101 1 1116111110 0100101011111101; 11101 Κο11-
1111011 101, 1111011100 1 00110 1101 (1011010 1111101, 1010110111011 1111111
1010111 1 11101110010.

11111 v 111 11010111 11111 v viomoj 111011111100111
v 1011011 1101101,

W 1111011 1110101001ιο 0110111110 1111011 111010010110110111010 11110-
1001110Ρο101110111010111, 01110110 11101 dni 11101, 11011111 1111110011
1110010101011111100111111100111 011010, 1011 1110 11110101111 100101ό1; 1011011100
11101010 (11111 0101101011, 01011111100111011101 11010111 11011 11101111 110-
1110101, 1011101· 11 1101011 010 1101110 sie 1110 0101110101.

1111111111 nmium. Po 1111 11111110 110 0101101 10011111 111.

J 01 (1111110011 drugi 100101, 111001011101011 na 0101101 101 011111101οἰ0
1 1111001001 011011, 1 1110111010 111111 0110111010 (11111110 1 1110101110 110111,ι
1 1 1010001111 10101010 1010110111111 1001101011 100101. 00101000101110 010-
1100 01101 dni 0100001010. Ρο jogo 11110101 101111010110 1010111011 (1011011-
111110, 011011110111010111 1011110 11111111 01111 11111110, 1111110110 01-
sterskiogo 10110111, 10101110 10010111, 101111101011101111010 111. 81110111,

 

