01383. 0000000000. ’ . 405

80110000 Μο001000100; 010 0 0000010 010 00100000 010 01000 0010000100,
110 000000000010010010 010010, 00000 01100100 0000000001 ,101000 00001(
Kruszwieki 00 jego 0010000100, 0010101 110ὴί001000 1000101000 Kru-
00010110001100001 Κο100100 0001000000, 001 1010 010 10100]οἰ0 01010-
1001000 Ζ1000010000 00000111, 001000 000101 000001010000110110010
00110001000800100Ρ1001100000000010.

10 0000000010 ziani Kujavskioj 00000 1100000100 10101οο10 1000100ιὶ000,
nomm 0000010100 1010101010110000011010 v 81000100 ogiam 00 100100
1010110, na 00101001 010 01010 0000010.

21000010 101010 11000010011,’00000000000 001 00000 010100 010·

mie izamki Kujawsk 10, 0010001 0000001100 00010100 1 0000101000ογοι 00·
000010010010οΡ0101100000000 100010 0 8100100000 01010110 Ku-
1000101000 101011000010 0001001010 0001010 0100001100 00001 00100 0010100
S. Wita 0 8100010οε 00000000] 00001001, 10 10010, 1010000 mu 01010 00-
0010000 100 jego 1000000000 0000010, 000001οἱ0 010 00100010 00000100οο10
000 ,100000010ιο 00 nieprzyjacielsku 0001000 1 001000 010000. 110 gdy 010-
0010000000 0000010 010000011 0010010010 0001000 0100000100, 00ιο 10110
Βο100010 0000010100 001000100011 0 001011000000100100 11101100-
polskiej przybyl 00 10100 0000000000 10 81000100, 1 Ζ100000110
10101001011000010011000 0 1100010000 001000 1000010101011000, 00 00010
10010 110000 00000011, 1001000 Polskim 01000001, iprzy 01000000 01000-
ku ryoerstwa 0000100000 0100100011. Α gdyby 010 0101001000 01000 010110-
0001, 0001000011 00000 0 000000 samem 10100010, 01010 jogo ogloszeniui
0000010010100110 00010 01100010 0000001011, 0 0100000001 0010000 1100-
101000 1 1111101010 Kij0wskieg0, 01010000, 0000000010 10 0000000-
000010 010001001, 0010010100000000. To sprawiwszy Ζ1000011101010 110-
00010011, gdy 000100 1100000101 0001010000 0 00100100 Ρ1000000
11010010 001101, 0000000101100101000000 1011101110] Polski‚ 100000,
00 ijej ziemie 001 00000 010100 00100011, 100 0010 Βο010000 01010-
000011000, 11000 mu 000111100010 0000000011, 000100000000 1101101οἰ
0000010 010100 00000000, 00000001 00000010000100 00 0000000 001 Koni-
nem, 001010 01000 0010000000 010 00000000 10001000. Ρο00001 mu 00 000000
0 1000000001 kopijnikami 1100001 1001010 0100010111 1 0010010 1101100
0100010] 010000 001001, 0000010000 010 0 Βο000000οι 00000101010000,
0 1000000 Bartosz 0010010 1 1100001001 01100 go 0000010001. 1101010-
00 01000010 0100010000 przy 0101010010 101 10110, gdy 0110101, 10 10100010
000010 1 00100101010100100, 1 010 00000110 010 00010 00 00, 1100 010 001100
001010, 00000011001010110 0001000010 0101010010, 0 sam 0101 01010 10000000.

 

