11. 1368. 1111111111 1. 293

11 11111111 111111111 111111111111111111111, 1111111 1111 111111111111111 111-
1111 1111111 111 11111111 1 1111111111 1111111111.

1111111111111111 11111111 111111, Β1111111 1111111 8111111111,
111111111111111111111 11111111111111, 11111111111111 1111131 po·
11111111 11111 swojej Agneszki, 1111111111 111111111111, 11111
1 81111111, 1 1 1111111111 (11111111111 1111111111 111111. 11111 1111
1611 1111111 Swidniokich wygasl bezpotomnie‚ 11111111 8111111111
11111111111 11111111 111 w 11111111 1111111111 11111111 (1111111111,
po 111111 11111 jego 111111, 11111 1111111111 Η1111111 11111111 11-
1111111111,111111111111111Β11111111 11111111111111111111.
0de 11 11111111, 111 11111111 1111111111 1111111111, 1111111111 11111-
11111 1111111. Ζ 1111 111111111111111] 1111111111 1111111111 Karol
jodnego tylko 1111 syna 11111111, 111111 1111111111 1111111 11111-
11111 1 (11111111 111111, Ι1 11111 11111 1111111111 1111111111 1111111111
1111111.

11111111 11111111 11111111 (1111111151.

Za Swidniokim 1111111111 Β111111111 1111111 11111111 Η11- ’
1111 Ι 1111111 01111111, 111111101111 11111 1111111111 (11111111, 11 111111-
11111111111111111111111111111 po 1111111 1111111 1111] 1111111, 1111-
111111111111111, 1111111111Ε1111111 11111 1111111111 1111111111

111111111131, 1Κ11111111111111Ρ1111111111111111111111111111.

1111111111111111 111 1111111.

1111111111111111 81111111 1111111111 1 1111111111 Ρ11111111 11111-
11111 1111111111111 11111111 11111111111111111 wod, 1111111 11111 111]-
1111111111 1 1111 11111111111111, 1111, 1111, 111111 1 1111111111 111111

111111ρὶ111.
1111111111111 111111111111111 11111111 11 1111111 1111111111.

8111111111 1, 111111Ρ11111, po 1111111111 1111111111111111-
11111111111111111 1 111111, 11111 1111 11111111 1111111111 ,1111111

 

