542 1111111111 11111111. 111118.

1111111111111111111111· 11111111 1111111111 1111111111] 1111111·-
111111 1 Luco 11111111; 1 11111111111111111111111,11111111 111111-
11111111 8111111111 11111111 1111111111, 1111111 1111111111, 111-

1111 11 (11111 1111111, 11111 111111111 1111111111 1111111111 11111 1111
1111111 1111111111.

nonin 11111111 11 11111 1 mmmmm 11111111 'matthian

Ζ111111111111111111111, 1111111111111111111111111Β11111,
11111 111111 1111111111111 11111111 1 1111111111111, 11111111 11 1111
1 1111111111 11111111, 11111111111111111 11111111 1111111 Ρ11111 111
11111111 1111111,1’11111; Zawisza 1111111 1 11111111, 1111111111
1Κ111111, 111 1111111111, 1111111 1 01111111, 81111111
111111, 111 1111111· 1 (11111111 11111 111111. 1111 1111111111-
1111111111, 11111 11111111 1111111, 1111111 111111, 111111 1111111111
11111111 11111111 11111 111111 1111111111. 1111 1111· 111111111111 11111
1111111111 11111 11111111111.

11 11111111 1111111 1111111 1111111ῐί111 ,111111111111111 1111111 ι 1111111111

Po 111111111111111 1111111111111111111, 111111 11111 111111-
11111, 11111 1111111 11111111111111 1111111111, 111111 111111 11111
11111111 1111111111 11111111Ι 1 (11111111, 11111111111111111. Florym
1111111111111111111111, 1111111 1 1111111 Κ11111111,1111111111111111
01111111, 11111111 11111 111111111111111111111111 11111. 111111 11111
· 111111 1 11111111 1 11111111 1111111111, 11111111111111 1111111111 11111111
11111111 11111111, 11111111111111111111111111 11111111111 1111111111ς
11111111111111 1 11111111111111111 111111111111111, 1111111111111111 111111
11111111, 1111111 11111 Wilenskiego 11111111, 1 1111111111111111111·
11111111 11111111, 1111111111 11111111 1111111111. 11111 pelen 11111, 11111-
111111, 1 1111111111 111111111Β1111Ι 11111111111. 1111111 111111111111111
11111111111111111 1 111111 1 1111111111111111111111111111111111111111, 1 11
11111111 111111 111 1111111111 11111111111111 111111111 1111111111. J 1
111111 1111111 111111 1111111111 1111 po 11111111 1111111111 11111111 Wi-
111111111 J 1111111 1111111111111111111, 111 11111111 111 1111111 11111111
1111111111 1111111111; 1111111 1111 1111111111 11111111 1111111 111111, n
1111111111 1111111111 111111111111111, 1111111111 111111111111111111
11111111 1111· 11111111· 1111111111, 1111111111111111111111111 1111111111

 

