111 mmm w. 1. 1111. ,

61111 1111111111 1111111 111111. Do 1111 1111111 1111111111 1111111111111
1111111111111111111111 111111111611, 111 1111111111 1111111111 po 1111-
1111111111 111111111111111. A 111 1111 Κ11111111 111111 11111111 1111
111111 1111111111 11111 1111111, 1111111111· 11111116 1111 1 111111111611111,

1111111111 11 1111111, 1111111111, 1111111111, (111111) 1611111111 1111111
granio i 1111111111. 11111111111111111111 1111111111, 11111111 11111 11111
1111111, 1111111, 11 111111 11 1111111 11111611 11111111 1 11111111.

1111111 1111111 1111111 11 1111111111 1111111111 11111111 1111111111, 11111
11611 111 111 1111111111 11111111

11111111 1111111 1111111111, 111111111111 11111111111111111111
1111111111 1111111111 1161111111111, 1111111111111161111111 1111-
11111111111, 11111111 1111111 11111111, 1111111111 111 111 1111111111 1111111
1111111111 1 1111111111 111166111111111 11111111 1111161111 1111111111
111111, 111111 11 1111111 do 1111111111 111111 1111111111 1111111111 1111111
11161111, 111111 11111. 1111111111111, 1111611 1111111111111116, 11-
11111 11116111, 1111 1111111116 1111161611 1 11111111111111111 11611, 111111111
11111111 1111111111 111111 1 111111111 1161111111111, 1111111, 1111 ·
1111111111111111111 1 111111111111111 1 1111111111111 111111111111111
1 111111 111111 11111111. 111 11111111111111111111, 1 1111111111 1 1111-
111111 1111111111 11111111, 1 11 11 nich 111Β111 11111111 1111
,1111111 1161111111111111111111, 1111111111111111111111111111, 11 11
,nich 111111111111 11111. 1111111111 1111111 1111111111, 11 11111
1111111111 11111 11111111 1111111111 11 1111111, 111 1111111 111111111-
nego 1 1111111111 1111161 1111, 111111 1111111111 11111 11111111 111111111
11166111111111, 111 1 1111111111 111611 11111111, 1111 11111111111111.
11111, 11111111111 ioh, 1111 116111111111111 1111111 11 111111111111. 1111-
1111111 1 11111 11111 1111111111 1 1111111611 1111111 111111111161
1 1111111111111, 1111111111 ,1111 1 111111111111111111111111 11111 nimi
,16111111 11111111 111111111, 11111 1111 111111 111111111111111.“ 1111111
11 111111 111 111 1111111, 11111111 J 11 1111111111, 11111111111111111116111
11111116, 1111 111 1111111111 11 1111111111, 1 11161111111111 tam 111611
1 1111111111111 1116111111111 1111111111 111111111 ,1111 111 1111111111
,111111 11111111 111111 11111111; 11161111111111111111, 11111111 1611111
,111111Β1111 1 11111111 111111 11111111 11111 111111111611 1111111111.
„Ze 1111111111 1111611, 1111 1 1611116111111111 1111111111 11111111, 11111
,111116111111111111611 11111 111111 1111111111 1111111.“ 111111 161111-
11111 1111111111 1111111161 1 11111, 11111111 11111111 111111, 11111111

 

