390 mmmm. 1. 1382.

11111, 111111111111111 11 1111111111 111111 Krakowskioj i 81111-
mierskiej 11111 1111111111111 1111111111 1111111111, 11 nim Β1111111
1111111111(11111111111111111111111111111Ρο1111111111111111
wielkopolski, 111111111111111111, 111111 811111 1111111111 isan
0111111111 (011111111111), 1 1111· 11111 1111111111 1111111111,
1111111111 Wegierskiej 11111111 11111111 1111111111. ’1111 1111111111
111111 1111111111, 1111111 1111111 1 11111111 11111111· 11111111 1111111111
11111111 11111111 111111 11111111 1111111 Polskim, 111111111111111

“ 1111111111· 11111111111111 11111, 1 111111 1111111111 sie: ,111 11111111

,1111111 1111111111 1111111111 1111111111, 1111111111111111 posiu-
,11111111111111 1111111 1111111111 11111111 11111 oo pownego 111 1111111111.κ
Milo i 1111111111111111111111111 11 1111111111 11111111 Polsey, 1111111
1111111111111111111111 11111111, 11 11111111 11111111 1111111 Oze-
11111 11111 Ρ1111111, 1111111 11111111 111111 11111 11111 gdy 1111-
111111111111, 1 1111111111111111111111111111 11111 1111111111 (111-
11111, 1111111111 11111111 111111, 1111111 111111 1111111111 111
1111111 1111111 Ρ11111. 1111111 1111111, 111111 111111111111111111111-
kim, 111111111111111111111 1111111111111111 1 11 1111111111 111111 Ra-
1111111 1111111. Sam 11111 1111111111 (1111111111111 11111111
1 1111111 11111111 wielkopolski 11111111 byli 1111111111111111
111 11 111 1111111. (111111 11111 11111111 11111111 wielkopolski
111111111111111111 11111111 wielkopolskiej 111111, 1111111111111-
1111111]11111111111; 1111111111111111111 11111 111111 11111 1111111 ,11
„ani godzi 111 111 11111111 1111111 1111111 jogo 1111111111111111, 1111
„z 111111111111111111111 111 111111, albo 1111 111111 111111111.“ zwi-
111111111 111111 11111111 11111111 1111111111 111111 11111 111111 1111
111111111111, 11111111111111 tego 1111111, 11 1111 1111111111
1Κ111111111111111111111111111111, 111 1111111111 11111111111111-
111111 1111111 11111111· w 1111111111 1 11111111. Ρ1111111111111111111
11111111 111 111111111111111, 11111111 1ο 1111111111, 11111
. 11111· 111111111111 1111111111 podejmowany 1111111111, 11111 11111111
1 Nowy 8111 111111 11 Wegier. Ρ111111111 te, 1111 1111111111
1Κ11ο1111 1111111111Κ11111111111, 11111111111111111111111,

’ 111111 111 ow 1111 111 111111Κ11111111111 11111111 1111 111111 11111
¹ 1Ρ11111 11111 1111111111 1111111 (major domus), 11111111 1111111,
11111111111111111111111, 1111111111 1111111111111111111 do Kra-
1111, 111 11111111 1111111111Ι 1111111 111111· w 1111 1111111111, 11111111
sem 111 11111111111111 do 1111111111 11111111 111111, Ρ11111ό1 111 11·
rami, 11111 1111111111ιί ku 11111 111 11111111.

 

