534 1111111111 11111111. 1. 1401.

1111, 1111111111111111111, 111111111111, 1 111 111111111111111111111
11111 Β11111 1111111111 111 111111111, 111111111 111111111111111111. 11
1111111111 111111 11111111 1111111111 ,1111111 111111111111 111
,1111Κ1111111 1111 11111111111111 1111111111111 111111111111111 1 11111
,1111 1111111111 111 11111111, 1 111111111, 11111 11111 11 11111111 1111-
,1111111118111111111111 1111111111 1111111.1 (11111111111111 111, 11111

1111111 111111, 111111111 1 11111111, 111111111 1 1111111111111111111111
1111111, 11111111 1111111111111111, 11111 1111111111111 11111111.
11111111111Κ1111111111111111111 1111111111 1111111111 11111111
Κ111ο111111111111111111111111111111 11111111111111111111111-

111111, 1111111111 11 11111 1 11111111. 1111 111 111 1111111111111 11111111
1 111111111111111, 11111 111111111 1 111111111111111111111111, 1111111
111 111111 1111111111, 1111111 111, 11111111111111111 111 11111111 1111-
1111111111111111111111, 111111111111111 11111 11111111 1111111111, 111-
1111 na 1111111 1111111, 111 111 111111 111111111 1111111 1111111111111111111
111111111111111 1111111; 1111111111111111 11111111 11111 glos: ,11
,11111 1 magistrat 1111111 1111 1111111111 1111111 11111111 111111111111
,111111 Ζ111111.“ 1111111111, 111111111111 1111111111, 1111111111
1111 calogo 111111, 1 1111111 11 1111 11111 111111 11111111, 11111111
111111111111111111, gdy 111 1111111111 1111111111 1111111111111111111
1 1111111111. 11111111111111111 111111 1111111, 1111111111111 11111-
1111111111111111 111111111, 1111111111111 11111111111); 1111 11111, 111
1111111111111 11 111111, 11111 111111 1111111 111 111111, 11111111. Anny
i 1111111111 11111111 11111111. 1111111 111111111 111111 Κ111ο111111
1111111 11111 1 1111111111 1111111 1111111 1111111111 1111111 (collegium 1111-
111111). 11111111111111, 11111111111111111111111111111, 1111111111 11
1111111111111 S. 1111, 1111111111 11111111111111111111111, 11111 1111
111111111111111111; 111 111 1111 11111 111111111, 1111111 111 mimo 1111
111111. ’.111111 111111111111 111111111 1111111 11111111 11 111111111; 11111
11111 111111 1111 1111111111 111111111111. 1111111111111 1111111111
1111111111 1111111 11111111. 1111111111111111 111111111, 1111111 111111111111
11111111111, 1111 11111 1 111111111111, 11111111111 11 11111111. Bogactwa
1111111 1 111111111111 1111111111 1 1111111 1111111111 1111111111 1111111-
1111. 111111111111111111111111111111111111 11111111 111111. Po 11111
11111111111111 11111111111111111 1 1111111 1111111111 11111 1111111 11
111111111111 1111111 1 11111111111 111111111. 1111 111 1111111111111
Β11111 11111111111 1111111111111 111111111 11111111 Κ111ο111, 111
11111 1 Ν11111 1 11111111111, 11111111 8111111111, 11 11111111
Α11111111111Κ111111111.

 

