364 1111111. B. 1381.

’ 1111111111 1111111111111 1111111111 11111111 1111111111 111111111111111111,
111 111111 111111 11111111 111 tego 1111111111 111 1111111111111111.

(1111111111111111111 0111111, 1111111111 11111111111,
po 1111111111 111111 111111 po Kazimiorzu 11111111 1111111111 81111·
11111111 1 1111111 1 1111111111 11111111 1111111111111, 111111 od
1111111 1111 1 1111111111 111111111111111 11111111 1111111111 1111-
111111 po 111 1111111 1 1111 11111111 11111111, 1111111111 111 1111111111·
11111 1111111 1111111111; 1111111111 111111 111111, 11111111111111111
1111111111111111 1111111, 111111 111111 na 111111111111111111111, 1111
Ι11111111111111111111,11111, 111111 1111111111 (11111111111111 1111
1111; 1111111111 1111111111 11111111, 1111111111111111111111, 111111-
1111 1111111111 111111111. 1111111111111111111111111111 1111 1111111111
11111; 1111 1111111 1111111111 111111111111111111111 1111111111 111 81111
111111 1111111111 1111111, 1111 111 1111111111 11111111111111111 111111·
1111111111, 1111111 1 111 1111111, 0 11111111111111, 1111 1 w 111-
11111111 11111 1111111, 111 11111111 1111 11111111111111 11111111 od
1111111 1111111111 1111111, 111111 111 1111111 1 1111111111 1111111
11111 1111111111 1111111111111111. 11111 111111 111111 1111111111 1111
1111111111111111111111; 111111111 11111111111111111111111111-
111111111111111, 11111111 1111111111 1111111111111 i 111111111-
1111111 111111111 1111111111111111111, 111111 111 1111111111 11111-
11111, ipo 111111111111111 11111111, 11111111 11111111 11111111 1111111111ῃί1
11111 1111111111 1 1111111111111111, 111111 1111111111, 1111111 111111111-
111111111111111111, 111 11111111 1111111111 11 111111111111111111
11111111, 1111111111111111 1111111111 111111111111111111111 1111111, 11111
111 krol 1111111111111.

1111111111 111111 1111111111 11111111 1111111111 1111111 11111. 11111 1111111
11111111 1111.

11111111111111111111111,11111111111111, 111111 1111111111 11
111111111111,11111111111, 111111 1 111111 111111 11111111
1 1111111111111111111 111111111111111111111111111. 1111111 11111111-
111, 1 1111111 1111, 11 1111 J 11111 1 21111111, 11111111 1111 1111111-
1111 1111, 111111 111111111- 111111111 0111111111, 111111 Η111111
111111 11111111111 11111111 8111111111111; 1111111 1111 11111,
1 1111111 11111...1111111111ο11 1111111111 0111111111, 1111- ’

 

