446 0101101Αο 10010110. 101381.

0 0111100100 101 010010, 01101 1010010 010011 w, 0100101101ίο 110 0, 01
100001 1010110 1111011001 (1111110011) 1010011, 0 010010 0000110010-
00011 111001 1 110111 000011011, 0000000111101100101011000010101101-
1001001011οΡ01010,110010, 11001010110110101110010,01110110
0101111000 111110 01101 0101010 01011 1010 1100 00100010. Tam 1000101000
10101011 010010111100, 1010010100 011010 0010100 0101100, 101 1010000
01101010010111111, 001 1111000 00110 000111 10111110111 110 01001
110010 0110001100011. 101 10001 000000 101010010 101011 10110 10100 1101011
01010 Wilna 01000000, 100001111111 i Wilnie. 10100, 010 0001101100
101010101101 010 110 01001010, 10000 0001101110 1 001100 0000 0011, 1 010-
0100·οο 00101 010000· w 0110, 110010 0011100 11 110000 101000, 11110 010101-
010 00000 001010 111010110111010011 1001110, 00110010110010 111010,
01010010101110111οΡ01000 00010110110, 1010001001 (1010010000)
10010, 00101100011. 1010101010000111000000, 0110011001001101 0110-
0100, 0100000101101000010111011 000100011, 00101011 00 0101 0010

1011101011101011010010010 00110010101. 11101010 100100 111100 01101
1100101010 0 0010110 1010 1 00101110100001, 0101011001010 010010110έοί
11001 110 0011010010 010001 010100 0000001. 110001111010101001 10011-
010, 1 00100110110 0101010011 ; 0110101000011011010100100010111001 110-

110101010 010110 11000 0010110 8100101011011. 011101 1 011001110001110
1111110 01000 1 11010, 1010 1001101 0 10001000. 110010111011011010 010
0010001010101 0101011 11000111110, 1111001 011 10 1011000110 10010 1 do
0010101101 101110100000, 11100100 00010 1000 0 000000. Ρο1 100 01010-
100 0101000 010110 00100011 1 01000100 010000· 11110110110110110;.110101)0-
0100, 0110101110 110110 0000010100 1100100001 110001111όο 00 0011011,
0101111000111110 10110 010 01000111001010010 0001010 010 101 110110.
(110010 10001 101110 00101, 010011101001101 001011001 101111001, albo 01001010
01010110 001001 00 1010 010110110, 110 10100 0 010110 011011 010 0 10010-
010, 1100 0101011101οο 1 1100010. 111010 01001010 000010 0 1010100 110001-
11010 01101 00011, 0010011 1101110010, 0101001111οο 0 0001001 01000011, 010
011011100010 1 101010111100011011 (1111000 011100010000 01101100 0101-
1101010100100 10100000, 101001 110010 Pompejusza 10010) 1000100100·
0000101110011010011 10111101οο1 110 broni. 1111111010 1011100001 bo-
001010, 110 0101010 000101 10111 1110010011 101010011 0000110 0000010-
01001οό 011100. 1101 000 1001 010 01100100100101 01001011 0010111011,

- 0 1001001 1 00111001 1 01110 0100100001 1001000100, 0100100011 100101

11111 00110100. 1001-10 101010110 001001110οἰ 00 011100010101001101010,
11001000 000110 0011000000 010 0 1011101οο 1 0101011011; 1 1110101010 za·
010010 001010, 00011 00001110101 11001101 01100111 001001, 010-10 010-
000 11101101010, 010011010100101100010110, 101111001000 001 1100100101,

 

