001375. · 000303. 333 ¹

1311003001 0310 101000001. 11101010010013330 1 1010130, 1000130·οο 010 00011-
010 3 00331311131001333 101010013, 001010οἰ1 00103301 1101001 113-
0101, 3 00300333000103033100 1 1010001000010010, 000001 0310110 03130-
000300010 1010331 03310. Ale 010 01031 03001033 10101010 010 1000113,
0103010, 0000011 001 (10103113, 1 10 03310 1330000000 0010030331.
11010 01300013 31000030 11003010 3103033 30100 30 13331 0010,
1 033301011100013 0101000303101011000103, 010 31011 31000003010 (10103-
100000 03101 0033030000 1110001031, 030100133000 0010330, 030100100031 ¹
do 10013 0100331 01030 10101010 03301 001031111, 010130010οοηο 00130 3001
0000 00310310 313100 0030301 0103103103 00110310, 303 10101310 01 110-
00013 10000 10101 10001000; (100301 3030 0103103, 13033 0003311
. 1301010010 13033 01300300 1031000, 1010101 1010003 03103 0000010010 110-
01, 000001000 13100010, 00003000030 10101131 010 3 0000 1110001033
1 1001000 00000 801013003 01300010 1110110001011000 010100οι0 1010-
10010 1113100133031 Β131033 00300003 010010100 010003 30101010
0001310 0103011. Pomm ι101031 1110001, 03 33100301010001 3100300110-
10000013 11000113, 01010011 300131 101010013 11131001333 Β13-

1000, 3100310 0011300101103011, 31000 03113 010300 3300013101, 0101010-
031 10310301030101 0003010; 301011 3100 0 03331 101131 10 1030.

101010 1113100130 11310 0311003 00330031 033311300000130311, 313 3103010
prm 13113 13110 31300310 1133101303, 001013 10 11010001, 0101 0013010030
03101310 0003010 00013οι11. “

110103 003100033οἰ3 001331000οο1 10101οο13 11131001333 Β131000
03 010310 1110110001010 03030113, 1 0000000001 3 0100· 3100003 1003103
0030100001, 0 1110031 1000010 010 000033010 00030133 1 00130110 3 0103010,
131 1130101310· 0 3001103013000131110110001011 033 00000 010010
0101311300103031011, 133 0001113110 113113, 01300013 310031011,
00130101010010 800001333, 0313033000 3000330 3000030, 000001 0 00-
001331 000031331 30001103 81003101113 001110100000. 110 010 00-
0000130 1 01101310 300013, 1110030 0000301011, 310 011003310 30130330] 13
10001, 1 3 000101010 00000 010310 Kuj 33010 010 31310 010 00001 0100000-
00010103 33 1130000101, 1310100030 1001010013 11131001333 Β131000 03-
0311 0100001013010 031010001001 0100030 1 131000, 1 10010010 je 00300031.
13011000 0 100 000011 101010 1113100133 00300003 3 3001000, Ι0100101
“ 100001000000 1001311103, 11100 03 300301 0003310030, 30101 10 0310100001
1013131 0011310000, 0000003313000 010 00000 30010 1111010, 001 030301 0030001
310000030 (1010310301101, 011000130 1 31010101 3101000010 10 boju,

 

