111333. 1111111111 1. 153

,1111111111111111111111111 1111 111111 1111111111111111 1111 1111111111
,111111 1111111111, 1 1111111111 111111111111 1111111111, 111111111111

,1111111111111111 111111 111111 11111111111, 11111 1111111111 1111111
,111111111 111111 1ο1111111.“ 111 1111111 1111111111 111111111111111111111,
11111111111, 11 Κ1111 1111 1111111111 1111111111111111111 111111111
Κ111111111ο11 1 1111111111111111 111111 11111111, 1111111 11111 1111111
111 11111 1111111, 111111111, 11111111 11111. Α 1111111111111111111111-
111 1111111 1111111111 1111111 1111111111111 1111111111 Κ1111111111
11111111 1111111111, 1 1111111 1 11111111 1111 11111111, 1111111111111111111
11 11111111 11111111 1 11111111 111111. 1111111 11111111 1111111 1 11111-
11111 111111, 1111111111 11111111111 1111 1 11111111, 1111111111 11 111111111
11111111111, 1111111111111111 111 1111111 111 1111111111 11111111111,11111
1111 111111 1111111 11111 1111111, 11111111111111Κ1111111111, 1111 1111-
11111111111111111. 1111111 111111111111111111111111, 11111111111111
1 1111111111, 1111111111 1111111111111111 1111111111111 1111111111
1111111111 1111111111 11111111111. ’1111111111 111111111111111, 11111

1111111111111111111, 111111111111111Κ1111111111, 1111111111111 ,

i 11111111111111111111111 1ο 1111111111 1111 1111 1111111111, 11111-
11111 ,11 1111111111 111 1111111111 1 111111 111111111 111111 111111111-
,111111111111111111111.“ 11111111111111111111111 1111, 1111111111 111111-
111Κ1111111111, 1111111111111 111 1111111111111111111111111111, 11111111 ’
1111111111111111111 11111111, 111 111111111111 111 1111111111, 11 111111
11111111 111111 1111 111111111111 11111111111111, 11111111 11 1111111111 ·
111111 1111111111 11111111 81111 ; 11111 1111111111111 111111111111 1111-
1111111111111. 1111111111, 11111111111111 11111 1 11111111111111-
11111 1 1111111111. Κ11111111111111111111 S. 11111, 11111111111111111
11 111111 1111111111 1 11111 1111111111 1111111111111 111111111 1 11 11-
111111111111111111 111111111111, 1 111111 11111111111111 111111· 11-
111111111 1 1111111111 111111 11 11111 1111111111, 1111 1111111 Anna
11 1111111, 11111 111111111111111 11111111111111111 1111111111111111-
111111111111111111111111111111111Κ11111111111111111οῇ
1111111111, 11111111 11111111111111 1 Stefana 1111111111,
11111111, 1 1 1111111111 11111111 11111 111111111111 11111 11111111 1111111,

” 111111 1111111111111111. 111111 111, 1111111111111111111, 11111111111 ,

1 11111111 1111111 1 1111111111, 1111111111, 111111111 1111111111 1 1111111111.
Ze 111 Κ111111111 1111 111111 1111 Polski 11111111 1111111111111-
1111111 1 1111111111 11111, 11111111 111 1111 1111111111111 11111 11111-
11111111111111111111111111111, 11111 1111111, 1111111111, 1 1111-
111111 1111111111 11111, 111111111111111111 11111111 111111111111111111111111
&mummulo 1111111. nu. = 111

 

