308 11111111. 1.· 1310.

111· 1111111111, 1111111· 1111111 1111111111 111111111111111111111, 11111111-
111111111111 11111111, 1 11111111 1111111 11111111111111111111 Ρ111111111
ijogo 1111111111, 1111111 11111111 podda& 1111 1111111. Ρ111111111ο111 11111111
1111111111Ρ111111, 111111111111111 1111111111, 111 11111111· 1111111111
11111111, 111 11111111 11111111 111111 111111, 11111111 1 1111111111111,
111111111111 Alexandra, syna 11111111 11111111· Κο11111, 111111
1111111111111111111111111111, 1111111111 1111111111111111111 1111-
11111111111111111 1 11111111 11111111111111, a 11111 11111 1111
1111111111Κ111ο111, 1111111111 do 1111111111, 1 1111111111 1111111
111111 111111, 111111111111 1111111111111111111 11111111 11111111 111111
1 1111111111 11 111 1 nim 1111111111, 111111 1111111 11111 11111 11111-
111. 0111111111111111111111111111(1111111111 1111111111 go 111111 111111,
111 od Κ11111111111 11111 111 1111111111 1111111, 1111111111 1111111111,
11111111 do 1111111111 11111111 11111111. 11111111 1111111111Ρ111111 ’.111-
111, 1111111111 1111111111 111111 1111111111 11111111111111111 111111 11111-
111 11111 1 11111111, 111111111111 111111 11111111 11111 1111111111 uad 1111-
111111 1 11111. 1111 1111111111 na 11111 11111111 11111111 0111111 1
1111111111, 1 11111111111111111Ρ11111 111111 11111 11111111 do 111111
81111111111111, 1 111111111111 ja 11 po 11111111 1111111111,
1111111111111111111, 11 Ρ11111 111111 1111111 1111111111 1111111111
11111 1111111, 1111111111 1111111111 1 11111111 11111111 1111111111 11111111.
1111111 11111111 111 1111111 111111 11111111 11111111 11111 1 11111111
(111111 (1111111111111, 1111111111 1111111111 111111 1111. Κ111111111111-
11111 111111 granica Ρ11111, 111, 111 11111111 011 11111 1111111111, 111111
1111111111 111, 111,111111111111, ani 1111, ani 111111 1111111111 111111
111111 go 1 11111111 111 1111111, 111 1111111111, te 111111 11111, 11111 111-
111111111111 11111111, 111111, 1111111111 11111111. 1111111 1111 1111 11111111
11111111 1111111111 111 1 1111111111, 1111111111 1111111 11111111 111111·
1111, 11 11111111 1111111111 111 11111 11111, 1 11 1111111 1111111111 1111,
111111 go 1111111111 1111111111111111111. 1111111111 popa, i 11111
1111111111 11111111 1111111 1111 11111 11111111 1111111111Ρ11111111,
111111111111011111111, 11111111111111, 11111 11 to 1111111111 111111
1111111111, 1 11111 1111111 1111111111 1111111111 11111111 1 1111111111. 11111-
11111 tego 111111, 1 obeo 11111111 1111111111, (111111 111111 (1111111111-

1111 na 11111Ι 11111 (11111 11111111111111, 1 1111111111 1111 u 111111
1111111111111.

 

 

