01363. 1111111100 1. 215

10 001010101101101, 11110 101 0011111 1111011101 101 1010101011 1 101011Ι
101100110, 001011 101 00110011101 10011, 1101011110. 810111 potem 1011001 10
101; 0111 01010 110010 01111011,1010001010 11111010 0 01001 010111
Βο100101011 1010100101 81110111, 1 11001111 1010110 gronio, i 1 00-
101 1110110101 111101011ος0 11011, 1101010, 1101001010 10110110 01010,
10111010. Ρο1101011111 101111 1110000010 1011011101 1010101111 010111 111οἑ
010 Κ101010, 110 10101111 10101 111111010111 100110 100111 1110 01
10 11000010. 11111011 1011011 0000110 1011110000101111 1101111Κ10-
1010111 1100010110 1 10110011 0111011011101100110 011011010 purpura³
10010110101, 1101011, 1011111 111011010111. 111111 101 101010101, 1010111
1 101 11010111 11111101 10101010 1010110 1001011, 1001011010 10101101-
10 11 1101110110 110111111111010101 11101010. Α 1110 1110111010 1111
Po 1011 1011011110 111111, 1010101 1 10111 10110100101 0001110100010111
1 1101110110 011110 0 10111 1 01100111 10101101, 1001001 01101101 01-
1011 111110100110111011111010101 110101011010, 1010110101
11011, 0010010100 0 1011 1011011010 1101010. 01 101101 10101 1101011
11110 Κο111110110 10010 011110 1101010 101001001; 01, 00 1011101010,
1001011 1 1110110100 1111010110 01110101 1111110101, 110100 00110 011010011
11010101 1101101110 111110 01011010, 1111110111110110 10111101 0101111;
01 101 1001011101 111 1010011111011, 1 10 1011011101101 101111. 1011111110
1011011 1111 Κο11111011, 11010110101 1101101οἰ, 0110110101 1111010111-
10101, 010011 001101 0110110111 1 01010110 0 1011011111, 00 10 01011010111-
111 1011101111 1 0101011111 111010110011111. 1110101101 101111, 0100-
1011 11110 1001110100, 1010 100010111 1111011, 1010101011, 101011 1 .
1001011111 10111011 1011 00110000111, 1011 0 1100101 001011 1111111111,
11100 11111110101010 0101110111 1111110011 1101011011, 1010 01010110101010-
1101011 1 101011011, 10 110 11110 110 101101110110110 0001011010 01011, 010
010101011101110 0 101100110110 11101011 0101010101, 011010 111100101-
01010. 1111111111ἰο mog} 010 01011111110101, 10 111Ι 00010 10 1110110
110 1001011010, 10001 1111 Ρο1011 Κο11111010, 11011 1001011010 0000111,
1111111 1001011 111111, 1010101, 110111, 01100110 11001011101 10010100101
1001011010, 1011111Κ101010111 101000101101 po 11011 1110100001 1001-
11 1100111111 01101101 110110101, 1010111010 11101111 11101, 011010110- ,
11110 01001, 1101010 01 01001 10 00001 1011011101 0101 100100100110·
01011 1 101010 11011110 101001011101101010011111 110110010111010. 1100-
01101110101111101101010 Κ101010 Κο1010 0000110 1011011010
111110 1110011010, 0011Κο1010000101110110011111010, 1010110010 Bo·
1101010 01110, 0 Κο011110100 11110 Ρο1011010 1110110 110 01100,
110101010 101011011111 Κ101010111, 1 0100 0110101001101 111111, 110
011111, 10101011 10111, 1110101101110001001110101 J 01001010 010111-

 

