356 100011. 11. 1318.

ogniem i 1001001000. Ζ10101011011011 010110 01010110 110000, 0 1110010-
010011010 0010111001 01101 110110 11001010, 0011011010 11010 0010110
001, 110101010οΠ1 1011010 1110001101 1 1100111011011 10 Ρ101 po-
011011. (111001001110111 011011101001001110 1100110 Ρο1100, 1010111
· 1111001011 1000100111 mu 10001111 1100010011 1100101001, 11100111
11110111όο 10 01010010οἱ0 0111110010. Ρο0001101111100 0011111 (1011111 1101010-
1010101000 na 111100, 0 0000100110011 111110 10010100, 1011010 11010100
(11011100), 11101010 (110100), Ρο0100, 10101011011010110
1101101111 10101 010011 10 111010. 111001 101 0100101010111101110011 teuzo 11101-
0101011 1101011 110 11011110 1111000110, 11010111 01101010, 110011 10 1101111010οἰ
Balgi. 110110 010101011011101110101010101. 80101001111011100111
11101110 00 111100, 1 000101 1110101111 10101010 innomi 0001010101 1011
010110 0010101111 0000100111, 10 0 0101101101 nie pozostala 110001 0111 10110
01110010. 1101011100 0 010010 0100000010 11010101 00101011, Βο111011
0. 1110101011, 01011011 1 0010111010 10 Κο10101100 001 Β110101011,
Ι11110010 000111, 11 1001011011010 1011000 1 1011100010 1111010 Ρ100 po·
011011. Ρο 1010010 101 11010100110010 N. Maryi Panny, komtur Balgi
Teodoryk Elner 001010 00010 001110110011 0011111011001, 0010110001
0001011 11001110 1110110110, 11101011 1 Β11011, 0 001101 101101
Β1100111 011011. Ale przymuszony 0101010 01010011, 010010011101101100 0010,
0 0110010011 010 11011010 1 0011100011 101010, 011011 10 111010. 11110101
111010011110 1 1011 01100100101110101101111 1Ρ100 1 Inflant, 01110010
11011 1301111011 1110011 1 00101 1110 01111100, 0 00101001001 010010 10100011
0001011 0111010000010101110 0101101101 01011101. 101101 01011111, 01011 0011-
010110101010111 001011 01011001, 0011011110 0101011110 1101111111 101001
1110001110011, 01111011 010 10 000101 1 10000 100101010101 110100101111011011,
0 0100100001011 00101111 1 1011101011, Κ111101011 101 10010011 1101010 Li·
1000110 1 2111011110. I 10 10010000101110111011 0111011010 0110110, gdy·
by 0001111 Ρο101110, po 01101110 10110111 1101010010 1111000111ος0
11101010 Polskim, 1110 1111 0011110011 101 1111011100 00110011. Sam 101010
Alexander 1111011, 01100101 011110100010 0010ςο 10110000, 100111010-

1001011110001ε »10 Polaoy 101101000111111011 10101001110110101110010 1
,10101011011101111111000110111100111101, 11οΡ01011010 001101 ³

,1001110010 0101100010 1 00010010 000101 01011101.“

11011111 101011 11101111 1111100111 010011, 110110110111 1 1111111 frustis}
11 1111011 go 1111010.

Tago& samogo roku‚ po 1010010100100101100108., Κ1010101 1101110

1
v

ἶ

1111000111, 010100 1011101110010 1010010111 1110101101 01101011, 00111 1

 

