1. 1383. 1111111111. 399

11111111, 111 (jak 1111111111111111111)1111111111, 1111111111111 111111
111111111111111111111111 1111111 11 Ρ111111, byleby 1111111 1 1111111 1111-
111111 Polskiego 11 111111 1 11111111111111111111111, 111111111111111-
111111 11111111111111111111 11 11111111 Polskad natychmiast 111· 11111
11111111· 1111111111 1111111111111111, 111 111111111111111 111111· 1111
1111 1111111 1111111111111111111111111111 1111111. Biskupi i 1111111111-
111 111111 11 11111111111111; 1 gdy 1111111111 1111111111, 1111111111
11111 1111111111 111111 1111111111 1111111111 1111111 81111111, 111-
1111 11111111 11111111 1111111111,111111111111111111111. 1111111111111
1111111111111111 1111111, 111111 11111111 1 1111111111 11111111 11111-
11111111111111111111111,1111111111111111111111111111

1811111111Κ111111111111111111, 1111111111 Β111111 1111111111 ’

1111111111111111, 1 Κ111111118111111111111111ε 1111111111-
111111111111111 111111111111 11 11111111 1111111111] 1111111111,
1111111111 111111111111111 Κ111111, 1111111 1111111111 11111111111111
w 1111111111, 11111111111111 1 ’1111111111 1111111111 1111111111-
11, 1 11111 111111 11111 11111111, aby 111111 11111111 11111111111111.
Ρ1111111 1111111111, 111111111111111111111111111 jak najrychlej 11111-
11111 11111111, przybyli 11111111 111 111111 1 1111111111 1111111111 11111-
1111 11111111 1111111111. 11111 gdy Wineenty wojewoda Ρ1111111111
1111111111 Wielkiej Polski 1111111111 tego 11111 111 1111111, 111111
11111111 11111 11111111, aby od 1111111111 1111111111, 111111 11111111 11-
11111111 111111 1111111111 1111111111, 1 1111111111 1111111 Do·
111111 (praefecti) 11111 1 1111111 1111111. Za 1111111111 111 111
8111111 Krakowskiego i 8111111111 Kaliskiego wojewody‚ 11111-
1111111111111111111111]1111111111, 11111111] Bogorya 1111111111
1111111111111 1 Κ1111111 81111111111 11111111 11 Ρ1111111,

11111111111111111111111111 1111111111 w Wielkiej Ρ11111. Po 111· Ι

111111111111111111111111111111111 811111111111, 11 Ρ1111111111]
11111111 1111111111, 111111 11111111 1 1111111111, 11111111111111 111111
11111111 (1111111), 1111111111 11111111 11111111 111111111111, 111111
S. J 111 (11111111111 11111 1111111, 1111111 1 111111111111111]11,111111
11111 111111111-111111· 1111111 1111111 11111 11111111 111111 111111. 11111-
111 11111111 111 w 11111111111111111 11111 1 1111111.

 

