xxn

. 424. 426. 458. 474. 480. 485. 486. 488-430. 1000110010 11011111 136. 408.
515. “ 11110011 ob. 11111011

1111111101110011. Jagieno. wysz ob. Piotr.
01001010001111010101111011 450. 513. 522. 11110ιο1100 10111. 63. 125. 156. 157. 161. 181. 131

· 542. · 271. 351.
11110100 1011. 347. 111γο101101 m. 301. 302.

11110011) (Ι10110)50. 235. 354. 11101011 1 1111111110 325. 420.
1110010001 (1110111011νὶ0) m. 110111. 1111613185.
134. 280326. 421. Ζ.

111οο100010 1101110011. Kujawska.
11110101 1611051110οἱ0 01011111 11101. 438. 10110110 1111111011). ,

11110110 z 0111011Ιή10 101101. 11101. 424. 426. 1090111 w. 228.
W7odzlm1mka albo 111011 11011110111101111111. 10100 116111 0100. 203.
11101110101111111111. 184. 185. 213. 224. 286. 10100111 11. 273.

287. 307. 308. 318. 335. ’ 11111110 1 1110111191011 346. 438. 538
10101110101110. Kijow. 438. 457. 1011111 'farto 226.
11110111Ιο100, 111οά110110, 1011. 233. 1111110 0111111.
1111001 (111111) 443. 1111111010 0 11110101100010 11011110 8 208.
1110101001 10 1111110001 1101011. Κ101. 22. ltmlonlk! w. 520.

1111101001 11011110 11101. Ρο11. 207. 210. 223. 227. lm ob· Jatlra. ,
235. 110101100111. i 11111. 225. 230. 302. -

11111010011101010510011101. Pozn. 484. 498. 503, liwlm 1110011001 1111. 11101. 362. 363. 3116.

510. 521. 523. 531. 540. 371.
1111101οο11 1 1110101001010111100. 147. lavim 13111001407.
1110101001 010101 1101011. 8111110111. 200. ltwlm ι 01010111 431. 542.
Wojcioch wojew. Kujaw. 395. 1101011 01101γ10115001513.
1111101001 1110111101 110101. 121. zawim 0111111 110111οο0 542.
1110101οο11 (Α1111γ1) 111101. 1101111111. 227. Ζ1011110 (80011001) 1011. 346.

1110111111 syn 10. Kiejstuta 268. 263. 379, 110οι01 m. i mm. 34, 395,
11101100 379 -382, 385. 1111911100 1011111101 1151. 90.

1110101ιο 10011. 11011 26. Zblqniow 1111110101 (101000) 111101. 3101111138

110101001111. Ρο111. 38. 1111110011011111. 181.

Woizw17 (1111γο1οΙ1) syn Κίο)01011,10. Lit. 373. Ῐ110111Ὴ 01110101311111211811111359- ’
11010001 10111. 411. 547. ,1111911100 2 3110110 1111101. 1151. Pol. 526. 536

1101111111 m. 242. 1111911100 syn Zbign. z 11110111 233.
111011ον1101· margr. 3111111101). 31. 53. 72. 110. 117. Ζ1110111811Ρο11280.

206. 1511111101. 1110011101111 10101223. 227. 241.
11011111. 311111. 277. ’ 11111111 1 00111100 11101. 111001. 280. 232. 341. 364.

1111110 11. 431. 411.

1110110ογ01 m. 552. 1110010 w. 520.
0010011121257. 1110100011 ob. Piotr.

11101001 128. 258. 11110101 ob. 1011110) 1101111110
11101010οἰ0 257. 1111111110(8111111000) w. 330.

1101111010 (law. 11010 11011110 184. 185. 218. 224. 1111100 m. 552.
230. 285-287. 308. 328. 378. leba 0611030110001. qu. 126.

111110111 11. 435. 101111 01130100.
1110111111. 335. 10100011 1011010161.

1110101110 m. 101. 165. 182. 188. 131. 265363. 1101110 ryc. pol. 465.

1111101101111 87. 101. 165. 182. 183. 131. 265. 110111111010111Κο111111011110016327.
461. 533. 1101111ογ01 10. 01110111. 282.

11000100011111000110102. 165. 1101111011 syn 301. 10. 110000. 28 63. 155150
11000100011 1010101228. 180. 194. 139.

111001οο0110110100111073. 31101. 102165. 11000011011110)110111,10.110100232333341. ’

11110011 m. 395. 336. 338. 252. 274. 231. 301. 321. 322. 343. 364
1111110111. 200. 1101110οΙ1 syn Ziemow. ks. 1101011. 364. 368. 373
1110011000 m. 135. 136. 202. 408. ’ 374. 376. 387. 383. 331. 400-406. 408. 4oe

 

