304 1111111111 w. 1. 1310.

111111, 1111111111 1 111111. 1111111111 1111111 1111 11111 11111 111 1111-
11; 111111111111111111111111111111 1111 1111111, 11 11111111111111;111
11111111111111 jego 11111, 1111 111111111111 11, 1111111 go 11111 1 11111
11111111 1 1111111 1 1111111111. 11111 11 11111 111111111111111111 11111111·
1111111111] 111111111 11111 11111 111111 1111111, 11111 1111111, 111111
11111111111111111 11111111. 1111111111 1111 111111111111111 111111,
1111111111 1111111111 1111111, 1111111111 111 1111111111 1111111111111,
1111111111111111 11111 1 1111111111 11111111111111111111. 11111111, 111
11111· 1111111111, 11111111111111111111 111111111 111 11 1111111111. 011111
11111111 111111111 1111111111, 1111111 11111111 111111111111 111111 111111
mogli. 0111111111 1 11111111 11111111 111111 1111111111; 111111111111- ’
111111 11111111, 111111 111111111 11111111 1111111111111 1111, 11111·
1111111111111111111111111 1 11111111. 1111111 11111111 111111111111 11111
11111 1111111111 11111111111 111111 1 1111111111. Ρ1111 111 111111111111
1 Ρ11111 111111111 11111, 11111111 11111 1 1111111111111111111111 111111-
1111111111111111. (11111111 111111 111 111111 1111111111 11111111111
11111 1111111111. 111111111111 1111111111 111111111111; 111111111111 1 1111-
11111111111111, 11111111 111 111111111 1111111, 1111111111 11 1111111111,
111111 11111111] 1111111 111111. Ρ111111 11111111111111111111111, 1111-
11111 111111 111 1111111111, 111 11111 11111111 1111 1 1111111111111111111
11111111. 01 11111111 1 Ρ1111 1111111111111111 111111111111 1 1111111111
1111111111 11111111.

11111111111111111111111 111111 1111111 mitta 1111111 111111 11111111 1111-
111111, 1111 1111111 111 11111 11111111111111.

11111111 1111111 11111111, 1111111 1111111111] Ρ11111111 111
11111 11111 1111111, 111111 im 11111111 111111 1111111111, 11111111 111111
· 11111111 11111111, 11111111 1 11111111111111111111111111, 1 1111 101-
1111111 1111111 111111, 1111111111 1111111111, 11111111111111111111
, 11111111 111111111 111111, 11111111 11 Ρ111, 1111111111111 11111 1111 11
“ 11111111111, 111111111111181111111111 11111111 11111111111111 1111111111
1 111111 1111111111 1111111111. Α 1111111111 1111 1111111111 11111 1 11-
111111, 11111111 111 11111111111111111111 0111111111, 111111 1111111111
1111111. Ζ111111111111111111 1111111111(111111)111111111111, 1111
1111111 111 1111111. W 11 1111 1111111 Pruski 11111111111111 1111111
111111 11111 1111 11111 11111111, 1111111111 1111111111111111111 1111111111
1111111111 1111111111 1111111111, 1 1 1111111111 ,11111111111111111111111ς
(1111111, quare 11.) 1111111 1111111111. 811111111111111 111111111-

 

