xl

Koiloroql herb. 111. 143532- - 139145. 146. 154156-159.161. 163164.
1411111111 (141111111111111) ιι. 392. 168-170.194.195. 203. 206. 216. 238. 277.
mmmfflmffi - mfflmmffimmwm
14111ιί11111 1111. 387. 391. 382. 415-435. 436. 457. 459. 463. 465470.
1411( Ι. 1111111111 ιι. 40 471. 473. 474. 487. 513. 520. 621. 523. 525.
1411111111 ob. Kraj. 528-530. 538. 547. 548-550,
1411116111 m. 11111123. 25. 28. 65 66. 68. 89107. 11111111 ob. 1111111111
109115. 130. 131. 143. 149. 151. 153180. 111111111111111 (61 111911 111111) 59. 473.
184186. 197. 202. 212. 219. 239-242.253. 141111111 1111111111γ493. 513.
259. 261. 268. 273-275. 297-300,302. 309. 141111511111 Ι. mython& (4111111119) m. 469.
312-314, 318. 343346. 402. 409. 417. 422. 141111 ιιι. 403
429. 431. 434. 459. 474. 493. 500. 505. 507. 1411161111 ob. Kluczborg.
508. 510. 515. 533. 554. 1411111111 1111111 384.
141111111111111 22. 25. 65. 68. 88. 109149194. 1411111111111125
219. 260. 312. 346. 360. 389. 390. 403409. 1111111111 11111113 12. 114. 116. 120. 134. 146.
413. 417. 419. 147. 156. 157. 161. 170. 177. 194. 135. 287.
1411111111 11111111 3. 9. 22. 23. 137. 147. 194. 334. 336. 346. 404-406. 4131588.
210. 547. 1111111161 m. 87.
141111111111 1111111 89. 214. 228. 253. 263. 299. 1411111118111111111166.
433. 500. 1111111161 16111. 14111111. W. 1111. 3111111111 11.
141111111111615. Henryk. 8111. 247.
1411111111 m. 70. -’ , 14111111. 3161111111 349. 357.
141111 Ι. 14111111 ιι. 521. 14111611 m. 242.
1411111111111 384. 1411111Ιό11 ιιι. 340.
1411111 m. 1 111111. 377. 381. 385. 441. 1111111 ιι. 299.
1411511 ιι. 408. 1111111 11111 (11111111 141111111111111120.
1416111111 (1411111119) m. 208. 285. 141111111611 ιιι. 406.
141111111111 w. 395.
1411111611 ob. J1111. 1..
14111111 (14111111) m. 295. 301.
Κ111111111 ιι. 28. 116 (111161) ιιι. 1111111324.
1411116111 ιι. 392. 474. 11111111γ m. 520.
1411116119 ob. Kluezborg. 1111111111 111. 11111. 302.
1411111111 ιι. 392. 1116111111. 205.
14111111111 m. 1 zum. 299. 302. 310. 366. 404. 406. 11161111 11116. 611111 557.
409. 1111911111 syn 0111116111. 1111. 379.
1411111111 ιι. 372. 111111111111 11111. 11. 4111111469.
Κ1γ11γη 101111111 142. 424. 426. 485. 11μ1ιγ11 ιι. 302.
141γ11γιι 1111111111. 267. 111111 ob. Br5g.
Krystyn 1111111111. 322. 111111 111557.
141γ11γη 1 81111γ11111331. 332. 111111 161111111γη1405.
14111111 1 1411119161 438. 509. utynowio 443.
141γ11γη1 11111Ρ1111111111. 61116111. 288. 1111111 herb. 111496.
1411111161 ιι. 226. 1111111111 dom 111259.
1411111611 ob. Κιι11161. 111611 m. 1111111. 15. 203. 301. 302. 417.
1411111111111 ιιι. 472. 111161 ob. 1116. ’
1411111111 m. i 111111. 279. 302. 313. 352. 392 486, 1111116 ke. Austr. 305.
14111111111 141111111111111. 6111161111. 371. 449. 1111111 syn 21161111111111111111111111011111-
1411111111 611111111116 399. kow. 16. 282. 327.
1411111111 syn 2111111111 11111 14111111. 404. 1111111111 1111111 111161. 61.
1411111111 wojew. Bnes. 509. 411111611 ιι. 521.
1411111111 (1411111111) m. 219. 11111 (Ε1911111) 11474.
1411111111 (0111111111) 11111111 68. 11161 ιιι. 476.
xnytaoy Pmsey11. 16. 11. 32. 11. 31. 39.41.41.(11611111416.
51-54. 58. 59. 68. 74. 76. 81. 90. 95. 9111111111111. ·

105107. 110. 114-124.128.130. 13213611191111 (1191111111. 11111. 162. 245. 278.
4

 

