0. 1313. 000000. 13

80101000110 0001001000, 0101 010 na 0100010 000000· 0101100 w 100000001οἰ0
0001001100001 00010110 1 0001όο. Ale gdy 10000100000 0110 11101010
1001010101010, 10 0101010000 01010100100 0000000οη000 0 00000100,
1110000 on 0110100110100 0010001 000011, 010 010000 10110 00100, 010101
00001101000100, 1 0 11101010 00001110101011, 10 00000 10100100 1110-
0100011000, 1110010010000 Ηο0001 001101 1000000000 01001 w 00-
01010010. A gdy je 0001000 010101 01000101, 00100000 01 1010010010 Ηο00010
1 10 11100000 010000010000, 00010100010100100100 wier3 0101 go 00000-
1010 0011001 jego 10000000, 00100110 0 110100 1 1001100, 00000 0000 00-

000101011, 0010100 101001 0000010001101 0 0100010010 00000 10100100, 010
00010 0001000010 1010 00100001000 101101000110 000001 1 w 1100010000 Lu·
11101100 0001000000 000101; 0010 001 10100100 1100000110 0000001000 00-
01010010 00100000 Ηο00010, 11100 mia} 00 0010 01010 1110010101010010

Bruaniokiego 1100110110. 1110101 11010] 0000000000, 0 0001110000,
· 100100 0100111000 0000000, 100001000011 010 00100101 1 0101100 00001101000100
8010100011000, 010 mog} 00000101 000 0 00000 000 0 0010000 0101010- -
00100110000011010100, 00110 mu 010 00101010, a 010 00000001 0011100000
0001101001000, 11100101 0100000000 0000000 00000101.

11110 1011 1100000011 10011000001111 0001010 000100 w 0010010010, 01110000 10010
0000110ιο 00101100 0001000. Po 0100 00100010 0001011001000101111

11111010011000110000001000001010000000010011000001111
0001010, 10 0101000000 0000010 010000 00100 w 11000010, 000011001110100
1 1011001000. go 00010011; 000101 sam 10110 000010010010 100010, 1 01
00010 0000010100100101 1001000001 0010 1 1001001101 10101 0000010 Βο-
0011000010000101001 0010001000· 0010 10000000. 1000000000 nanim 0001010001
0000000110 01001010, 0010010000 go 0000101000000, 101010001οο 01000000 00
0101100 00010010 0010010 0000000 00000010110 0000 1010010010 0 01010000-
000000, 11 mu 00110001 01000101010. 1000000 01001000 010 000001001001010
000000010ος0 001000. 1100000010 ,00000000 1001 11110 0001010 Bonis 10000
w 0000110101 110001000ἰο Ν. 110001 0000100000·οο0 w 00101010 Ana gni
(Anagnia) 0111000101 rodem, 00000 11111010001100000101 00100110
1101000010 00010011, 1 01001 jego 001001· 10001. 1100001000 1010 000011 00-
0101 0 0100100101 0000101 10 1100 mu; 010110100010000000010000 00110101
010110 1000010, 1010 ι1010001000 101101000110 000001, 1 w 10001010 S. Pio·
100 0001000010 000101, 000001010100000 na 0101100 1010100 1 00100100010100101.
Po nim 00010011 11110101, 00101001000 1000010100011000, 110100 0010001-
011, 001000 010010010100100101000100, 1000000010001011001111.

 

