11. 1301. 1111010110 1011111011. 31

1101111 1000 0111001110, 10101100011100011011100111111110011110, 10 ·

10110 0001000011 01011110 0011001010, jakiej 00 1111 01000 00000 00101011,
1 10 mu 0111011111 0001110 1010100] 110101 0100101110, 1011100011 1100010010οθ x
jak 1111011111 11011111 0 00110000110 Ρο100111, 1001001101011 0110111010-
du i 110010010ἱο 00011 0110101000 11 (10100111101111, 01001010 0010010101]
011 0101 81110001 1111010110οο 1101000111, 01001111 00101011 101001;
11100101101001011011011111οἰΒ1101101101011101, 110110011001111-
0001, 110110 1111010 11101011όο nieprzychylnomi byli 101010101111110011-
11001, 0111011011 im 1101111 1101010 Ρο1001010, 1 ι1110 (1110100101 1 00011-
11101 (1110010010 111 Ρο100110 11101111, 10101110 0101101 1 01100111 110101
Pomorskiej 011011101010 rodem 111101001010, 0011100 101 0100010 101111, “
1110001011 010010110100110100000, do 0010001010 10110 110101 01110011. 11001
0111 0 1010101101 1100100000 110111 1110010111 0110010101 1110110010οο-
01 110110110οἱ, 3111010011110010 10101010100101101110 1101000110, spie-
01010100 (10010111, 101010 01001010(1011010101111110111011010 1 0010010 01010
0001001100, 100101 11101010 1001010110 1101011001 11 Ρο100110, 1001010010-
nego Piotra 111010111101001111000 01011000101011011 11111 00 111010
Κ11101101110 110 1110110111. I gdyby go 101 1111100101 010110010 0100101110-
1011, 0111010110110100111οΡ010110 00010010 011110 01101 01010010010110101
Ρο100101101, 0011010110 1010 01010111ογ01 001011, 001111101010 0101000001
01101 Κ11011110. Ale 01101101] bracia 1100100000 Ρ10111 1100101111 0111111
010 00111010 01000 0101010010 1 0110110111, 10 11111011 01011110 0101011001,
111010, 1Ρ101111001011 0010011010 11101010 0011 11101110 1 0 1010111110011110
10110111, ’11101000101001111010 1101100· 01001000· 1010110101, 0110011010110101
11111011, 1Ρ10110 1111010111 1 0101011 10011011, 101000 10101000 1111001 111101
Piotrowych, 11110110· 0 i J 100, 1110 101111011111, 010100111011110001
1011001 0011100010010010010, 110 1110110011 00011111 11111. ei wysiedziawszy 0110
1011111101010010, 0110100111 11111, albo, 00 00101010101101 111110 mi 010110
01111110, 1110111110 011101011, 0110010111 0010 1101010011 010 1010110011, 00011110
do brata 01000 110110 1110010110, 1100010110 1111011000 0101010011, 01
Ρο100110 01101011. Ι 0001 1011110 101 0010100101)1 101001, 1100100001 1001-
01111011Β11011010101101 010111001101001101, 1101100111 111111,
1111110101 0110111101οἱ 1111110111 11001001111111Ρο100110 10101 0001001001
1110110011 1 0000001110 11101001 101111 1110110101 1110 1 1110110111 00000,
0111 11111011 1110110 0011001111 001010, 11110100 01 Ρο010110 01110011, 111
10110 110011111111010111 Ρ10111 110010111, 1000 111001 1110000011, 011001
1 001101001101011110010110111110000, 1000111 0001001 1 0111110111, 000010-
0101. Ρο110100111011001101 1 1101011001 pod 11001 11111010 (11111101, 1110
0101100 110011Ρο100101101, 11100100010010011101100101111110011-

, 111’11011011001101·Βο00011 10111000 110101 1000101101, 1010011110

 

