szDYszAw mmm.

11111 rufium ma.

mugi 11111111 11111111 1111111111ιὶ 111111, 11111111111111111111 i 8111111111
1111 1111111111 1111111111 1111111111 11 111111, 11111111 1111111111
11111111111111111111 11111ςί1111.

Po 1111111111 111111111111 111111111111111 111111, Β111111111111-
drygieHy, 11111111 1111, 1111111111 11111111, 1111111 8111111111,
brat rodzony 1111111111 11111, 11111111 11111111111 11111111·
11,·1111111111111 1111111111, 111111111111111111111, 11 1111111111] 11-
11111, 111111 1 11111111. Ten 1111111 11111111 ido 1111111 1111111111
111111111111111111 1111111 1111111111 111111 (1111111111 1111111111-
, 11111111111 1 11111, 1111111 111111 1111111111 11111111111111111 ,1111111
1111111 11111 1111111111 1111111111111111 111111111111111111. Ι jutta
1111111 111111 111 11111111 (1111111111 1111111 1111111111, 11 11111 11111111
1111111111111. 1111111111 krol Polski (1111111111111 111 11111 111111-
11111111111111111111, 11111 1111111111 J 11111111 111111 1111111111] 11
111111. Α gdy 11 1111 111111111 1111111] 1111111111 11111111 11 Ρ111111 11111
(11111 S. 1111111111 11111111 11111111111111111111 111111 111111111111111·
11111 1111111 111, 11 1111111 1111111111 8111111111 1 1111111 11111111 1111-
111111111111111111111111 1111111111 11111111] 1111111, 11111111·
1111 111111 11111111 111111111111111111 111111111111111111, 111111 1111111-
1111111111 11111111, gdyby go 1111111111 1111111111 1111111111. 1111111111
11111111 1111111111 1111111111111 1 11111111, 1111111111 sie i 11111111 11111-
1111111] 111111111111111. 111111 1111111 11111111 dume 11111111 Skir-
311111 111 1111111111] 11111111, 11111111111111111111 11 111111-

1111111 11 11111111111111111111 11111111111111 111111111111, 811-
rodub i Stare Troki (1111111111, 1111111111, 1111 1111111111πί
1111111111 1111111111111111111111 by} posluszny. 11111111 111111 131-
11111 11111111 11111111, 11 gdyby 1111111 11111 11111 11111111 1111111 11111111,
11111 111 1111 do 11111111] 11111111 «11111111, 11111 11111 111111 za
11111111111 111111 1111111111 111111 11111111 1111111111, 11 11111 111111
1111111111 111 1111111111.

11111111 1111111111 11111111, 1111111111 11111 minima, 11111111

11111 1111111111 11111111 111111, 11111111 1111111111 11111111
1 (1111111 11111111, 1111111 po 1111111 Κ11111, 111111Β111111111 11111-

 

