40 1111111111 1111111111. 1. 1309.

111 111111111111111111 111111111111111, 11111111111111111 11111111 1111-
11111 111111111111, Κ1111111111111111111111111111; 1111111 1111111111 111·
111111 11111 1111 111111, a 1 nimi 11111111 1111111111 1111111111 1 1111111.
111111111111111111111111, 111 1111111 Η11111 1 1111111111 11111111 111
1111111111111 1 111111111; 1111111111 1111111, 11 11111 1111111111 1111111
111111 11111111111 1111111111 1111111111111111 11111111 111111 111111111111
11111111 Ρ11111111 Η111111 111111111, 1 1111111111, 1111 1111111 11111111
11111111 11111111 1111111111 11111 111111111, 11111111 1 1111111 111111 1111111111
11111 1111111111 Β111111111111111 (1111111111 111111111111111 111111-
11 (11111111 1 11111111 111111111111 11111 111 1111111111. 11111111111111
11111111, 11111111 1111111111 11111Κ1111,1111111’ 1111111111111, 111
1111111111111 1 1111111111· 111111 1111111, 1111111111111111111111 1111
1111111 Ρ11111 1 111111111111111111111111111. Tam 1 1111111111 11111111
111111111111111111111 11111111111111111111, 1111111111111,1111111
1111111 (11111111 11111 Κ1111111111111111111111, 111111 1111111111 111-
111111111111111111111111111, 111111111111 11111111111111111111, 111 11111
111111 1111 1 111111 11111111111111111111111111111111111,1111111111111111-
1111111111] 1 1111111111 1111111 1111111 1111111 (1111111111 11111111
11111 111111111111,11111’111 1111111111, 111111 1111111111 1111111111 odda
niem 1111111111 111111.1111111111,11111111111111111111 1111111111111111
1111111, 111 111111 1 11 111111111 11111 1111111111 11111111111,11111 111111-
1111111111111111 111111111111111, 1 1111111111 11111111111111, 1 1111-
111111 1 11111111 11111111111111 11111 1 1111 11111111 1111111111111. 11111111 111

Ρ111111 111111 11111111· 1111111 111111111111111111 111111 ,11111111 Ν

,Βο111111 1 1111111Ρ1111111111111111111 1111111, 111 1111111 tego 11

,111111 1111111111 1111111111 111111111111111111111 11111111, 11111- “

,111 1111111 1111111 1111111111 1111111111111111 1111111111 1111111 111111
,111111111111111111; 1111111111111 11111111 1111111111 1 Β11111111
,1111111111111111 1111111 11111111 11111111 111 1111111111; 111111111
,11111111111111111111111, 11111111111111111111111111111 111-
,11111111,11111111111 111 1111111111· 11 11111 11111 1 111111111111
,11111111111191111111111111111111 1111111111 11111111 1111111
,1111111111 111111 11111111116 11111 111111111111111111111 1111111111111111
11111111,1111111111111111111111111111111111111111111, 1111111111·
,,11 111111111111111 11111 11111111 1111111111 11111 111111 1111111111111,
,1 11111111 111111 Βο11111111, 1111111 111111 111111 1111111111, 111 1111-

,111, 1111111111111111111111111, 1111111111 1111111111111111 11111111 111· 1

,111111 1111 1111111111111.“ 1111111 1111111 Η111111 11111111111 11111111
111111111111111,1111111111111,1111111111111111 1111111111111111
,111111111111111111111111111111111111111111111111,11111111 11111

 

