36 ’ 1111111111 nomm. 11308.

1011111111. Bechin 111101110101, 11111 1011110111 1101110110 111-
101111 1111111111 1111111 1 111110 1010111110 11010111 111110111111·
go, 11110111 110010111011111111101111111 11111101 brata, zdradziooko
1110110111. 111011 11111 1100111111 01111 1111111111, 1011011111 111111,

11011010101110, ,11 11111110 101111111111111 1111111, 1001111110 11 ·

„wnego rodu 111111 Ο1111111.“ (1111110 1111101 1111111111 11 10 111-
111, Η111111111111011811111, 111111111111 10111111, 11101111
ΙΙ 11111 0111111110 ‹26er, obrano, 11 1111111010 (1111111 1111110110 110-
10101110. Ten 1111111 101111, na 1100111111] w 11111111111110 111010,
1111111111] 11111, 111111 11 10110011 1110110111 Ρ1011111 1011111 1111
go w podeJ'rzenie‚ 1110110111 1111111011111, 0111011, 1010110111, 0111011 po·
111111. (111 111 11111 110011111οὴ 10111 0111111Ι 10110111111011, 11101111
1111Η11111 zmuszonym 1011111110 110111 1 11111101111111110111111
011011. 111110 11110 w podejrzeniu 11011111011011 1011110111, 1111101111
11111111, 1 0101111110 111, 111 11111 z 11111111111111111111011 1011111111
0 berlo 1011111111 1110111010, 1011110111 11111 j& 111 11 10101111
1011011010, 111 1110111010 1111011111 1111111111 11 Berg0w‚ ubogiogo rodu.
Gdy 111 krol 1111101 maj, 111 1110101111 na 11 1111111, 0111111111, ,1111
,1101111101011111111 1010011 11111 1011111111] 1 1101111111 111 111-

,111101111111101111 jej 1010101010 111111110111111010, 111 1101111111
’ ,1111111111 01111.“ Ale 1111111 11111110 101111111110111, 1111011111-
gle 0111001111, 011111011111, 11110111011111110111111101· 1111011 11111 11110
1111111110, 1 1011111 11111 1110111110 ja 1 1111101101.

Dok mm 1⁸⁰0.

1111111111 011111ιο nomn 01111010 ziani 1010111101· ι 111111111111110,
11111 nioman 11111101 1011111.

Po 01111010 11111111οἱ11 Β11110101111101181111011110101111-
111110, 1111111011 111 1 101111 110111 1111010111 11010 11101101110·
11111 zbuntowanego 1111111 (1111111 1 11111111 go do 1011011011111 1111-
11011 111111111011 1011011011,111011 1111111111, 1111111111
1111111 111111111101111 10 (1111111 11111111111010111, 1101110111 1101-
101110111, 11111 1111110111 111111 1011110110 1110, 1111111111 110111 111ρ
11111, 11111110111111111 1111100111, 11 znoguszem 1111111010111101
i 1010111111111111111110 11110111 Κ1111101 101101 11111 111111 110-
1111101011, 111111011111011011 1111111101 1 1111111111 011011 111010, ,10
111111 11111111 11010101 11011110 1101111 1111110111, 11101110101110110-

 

