1. 1338. , 1111111111 1. ,169

Polskiego 1111111111. 1111111111111111 do Polski 111111 1111111111
1111111 1111111111, 1111 11, 11111111 111111111111 1111111111 11-
11111111111, 11111111111111111111, 1Ρ11111 1111 1111111111,
11111111 11111111 1 Ρ11 (1111111111), 1111111111 w 11111111 11111
1 111111111111111111, 1111111111 im 11111111111111111111111 i 11111111 1111-
lania, 111111 11111111 111 111111111, 111 1111111111 11111111111111111111111,
11111111 1111111111 111111111111111, 111111111111 111111 11111111 1111111,
11111 1111111111, 111111111111111 1 111111111111, 1111111111 1111111 111-
, 111111111, 111111111111111111111 111111111 1111111111 1111111111 1111111
111111111111,11111111 111111111111111111 11 11 1111111111 111111111111,
111111 11111111111111111111111111 1 11111111111, 11111111111111. 1111111111
11 111111111111111111111111111111111111111· 1111111111 Ρ11111111, 111111
11111 111 111111111111, 11111111 11111111 1 11111 1111111111 do 1111111111 111111
11111 1 1111111111 11111111111111111111111111111, 111 111 11111111111111
111111111 1111111, 1 1111111111 1111111111 111 1111111111 111 111111111,
11111111, 1111111111111111 1 11111111111111 111111 1111111111 1111111 111
11111111 1 1111111111, 1111111111 11111111, 1111 11111111111111111111
111111 1111 1111111111111111111, 1111 1111111111 111111111111111111· 11111111
11111111 111111111111 1111. 8111111111 1111111 1 Ρ1111, legavi 11111111,
11111111 do Polski, 11111111111 11111 do 111111111 1111111 1111111111111,
11111111 1 1111111111 1111111111. 1111111111111 111 1 1111111111, 1 11111-
scu 1111111111, 1 1111Κ11111111111111111 1111111111, 111 11111111 Κ111-
1111 111 111111 11111111 sie 11 1111111111111 11111111 1 11111, 1111111111 111-
1111111 (1) 1 1111111111, 11111111111111111111111111, 111111
Κ11111111, 11 111111 1111111 1111111, 1111111 11111111] 111111 1111111111,
1111111111 1111111111 1111111111111 1 1 111111111111, 11111 Mi-
111111 1111111111 S. Κ11111 1 01111, 11111111 1111111111111.
11111 (111111 1111111111, 111111 1111111111111, 11111111, 1111111 11111111,
111 111111111111111111111, 1111111Κ11111111111111Ρ111111-
go, 1111111111111111111 1111111111. Ζ1 111111 111 11111111 111111 Κ111-
11111 1111111111 1111111 11111, 111111 1 111111111111 (11111111
11111) 1111111111111111111111111, 111111111111 1111111111 1 1111111
(1111111111 1111111 1111111111111111111111111111111 11111111, 111111111111
1111111111. 8111111111 1111111111111 1111111, 11 111111111111111 11111111,

1111111111111111111111 1 1111111111 111 1111111111111 1111111111 1111- ·

1111 od 11111,1111111111 111111111 1111111111 [111111111111111
1 111111111111111111111111, 1111111 111111 1111 111111111, (111111
1111111111 1111111111 11111111111 111111, 1111111, 111111 111111 1111111111

a 111111 1 1111111111 11111111 1111111111 11111111111111111111 1 111111
J. Diuum. 1111111 Pom. 1¹. lx. 22

 

