111351. 1111111111 w. 245

11011 1111011, 11111111· 11011 1111111111, 11 1110111111, 1111111111011111111111

1110111111111Ρ1111. 11110111111110111· 1111111, 111111111110-
111101 110111, 1101111111 2110111 w 1111111111 Ρο1111111 1111111111111 wiel-
111 10110101 1 1111111111 11 1111111 11111111 w 11111111 1111111111, 11111
11111 10111111110 1111111111, 1 1111111111 1111 111 11111 11111111 1 011111
Βο11. Te 01111111 11111111 po (1111111111 1011011111 1111111111. 11101111
1 0111111111 1111111111, 11111111 1101101111, 11111, 11111111111111
1110101111, 11111011111111111; drugi, Niemira, 11111101111101Κ111-
1110111 1111101111 111111 1 1111111111 11111111 11111111110,
1 101111 11111 1011111110, 1111111111 1110111111 1Κο111111111101111-
1111 111111011111111 1010111 1111111111111111 1011111, 1111111 101111. 110
1101011111 11111 1110 1011111111, 11 1111011 1101101111 101111111111
Ε11111 1101101010, 111111111101111111, 1110111 111111111101111.

11110111 1111 1101111 11111 1011111111 1111111110 11110111.

1111111111111111111,1111111111101111011011, Κ1111111
1 Ρ1111111, 11111111 11111110111111111111111 1111111 1111111, 111110-
1111111 w 11111011 111111111111110101, 1111111111 1101011. Agdy 111111 ’
Prusk i 'i Κ1111101 111 1111011 11111 do b0Ju, 1111 11111111 111 11110 01101-
nio 11110111111111111011, 011111111, jak 11011 110111, 1111111111110111111
11111111 1 po 111111111111 1110110111111 11110111111111, 1111111111
11111111 11111111 1 01101111 11011111 1011110111 do 111111.

nou ιἰ111111 nm.

11111111 111111 11101111, 111 1110111111 10 1110101· 1111111111, 11111 101 10
01011 111111111111111 1111111111 1011111011, sigga 10 11101111111111111110 Lu·
dm 110 11111110 101· 0111111111 110 11011111 1111111 0111111.

2111111011 1 110 1111110 1111101011 1111111 11111111, 111 1111111
Βο1111111111111111111111Β1101111010111111011110, 10111110
11111101 11111 11111111 do niego 111111011011111111 w 1111111 111111 111011-
110111 1111111011, 1111111111 w 1011111111 1 1111111111 11 111101111-
, 11111, 101111 Η1110111, 1101011111 (1101111111) 1 1111111111, 011111
11111111 111 101111111111111 1 1010111 01111111· w 1111011 1111101101 1111
110101, (11111 1111111 1111111 11111 1111111100101111, zysku i (111011111110
1111111011 110 011111111111 11111101 11011) 11111111 1 11011111111111111 11011

 

