111352. 1111111111 w. 227

1111111111111111111111111111111111111111 11111111111111, 1 1111111111 1111111
11111111(11111111 11111111 1111111 nimi 1111111111111111111111),111111 11111111,
11111111111111111,11111111111111111111111111(111111111111111,
Β111111111111111Κ1111111111111,Ρ111111111 11111111111111,
1111111111 1111111 111111111111 1 11111111 11111111111111,
1111111111 1 Ρ11111111111111 111111, 1111111111 11111111111111111111111.

nan rufum mn.

haimim 1111111111 Alban 11111111 111111111ὶί111 11 1111111111 1111111

11111111 111111111111111111111111 11111 11111111 1111111 11111111. Ten

11111111 mazam 1111111 11111111, 11111111111111 111111111111111111111111

1111111111111111 11111111111111· metropolii: 1111111111 111 111 1111111 1111111-
111 11111111, stavit v 111111 111111111111111111.

1111111111 kral Polski, 1111111111111 11111111111111111111· 11111-
dni 11 1111111111Β11111111111111111111111111111111111111 11111-
111111, 11 1111111 111111111111Β11111 1111111 1111111 1 1111111111111111111
11 11111 11111111, 11111111 11 11111111 11 1111111111111111 w 1111111111
11111111111111111111)11111111111111111111111111111111111111111-
uhogo, 111111 1111111111111 8111111 1111111111 111111· 1111, 1 1111111111-
111111 1111111 1111111οέ111, 111111, 1 11111111, 11111111] 111111111111111111-
1111111111 1111111111] 1 1111111111, 1111111111 111 1111111111 papien, 111
11111111111111111111111111 11111111 11111111111111111· metropolii
1111 1111111111 1111111111111111 Praskiego arcybiskupstwa‚ 11111111
Κ1111 111 111111 krol 1111111111 1 krol 0111111 11111 11111111 11 11-
1111111111111 1111111111 1111111 1111111111. (111 11111111 111111111 1111-
111 do Awinionu, 11111111 1111111111 1111111111, 1111111111111111111-
1111, 1111111· 111 krol 1111111111111111 1111111111111111, 1111111111
111111 1111111111111, 11111111111111 1111111111· 1111111. Ρ1111111111Κ111-
111111 11111Ρ111111 1111111111 111111111111111, 1111111 111111111111-
’ 1111 1 1111111111 11111111, 1 w 1111111111 1111111. 11111111 1111111 dabra
1111111111111111Κ111111111111 do 11111111 1111111 1111111111. Ρ11111
11111111 1111111111, 1111111111 1111111111111111111111111 (1111111111 1111
1111 1111111111111 11111111 1111111111, 111111111111111111111111111,
11111 1111111111] Ρ111111111111111 1111111111, 111111 1111111111111111-
11111 1111111111, 1 11111 11111111 11 111111 1 1111111 11111111 11111,
11111111 1 1111111111 1111111 sie 1111111 1111111111, 111 111111 111111,
11111111 111111, 1111111 11111 1111111111 1111111) 1111111111 1111111111 1111-

 

