344 1000111. 0. 1376.

1010 000001110010. 110 0111110 10010010 , 00, 11000 0001010100 1010 0 1101111.
· 1110010011 10001, 1111000110101101000 01001011, 00011011 00110
010000001 0000011 0000 00 010101 1010101 00100010οη0 10 101010 Κη-
1000 00110101110011. 1100010 Ρ1001101 0 11001010, 10000010, 010
0000000101 01010, 1111010 000001010, 0100100000 0100 111100 Βο01011-
01100, 11101 010001011, 101 0010 110 00011010, 00010011 000 000101110 011010
0100010101 0001101 100010101. (110 0100 1110010011 1000111 010 10 01010

110 Ρ10011010 00100010010, 010 00 10001001, 0 0001011 110011010110-
11100010 0000010, 0000101 11001 1 010000, 00111 100101 1 110100 001011
000101 10 00100, 01100010010111010οΡ0101101 1100110, 0101 0101110
00001010 0001010010. 1110 000 011101001ἱο J 0110 Κ1110 0 1111111000,
110110 8010111000, 01001000 11010000 11111010 010111001010100010-
00101100 00101010 01000001 110110 1000 11010 0011000 11010 100001011, 0110010
00110001 Wegra, 1111000 11101 0101 110 1010 0101010, 10010010 0 00000,
101 01010 0101110 0010100, 010 1010 1101010, 00011 0 101101 1010011100110-
010 00010101. 81010 010110 0000 111010100 01101010 010011010, 110010 11111-
10, 110011 1 101001100, 01110011 010100, 0110011 sie 0 01011100 1100110,
1 0000011101 11100110, 110101101001111100 00000 0010100110 1011 0100·
00010, 010 1 11100110 00101000 000001001 1100010000001, 1000000 010 1110101
000101 1100100110100110, 0 010101101010 1 100 10111000 000101000101101011
10011011 00101100011. 1100010 000101810001, 1110101Ρο001, 0 01011
000000 0000010, 01010111010110000110001000101, 0001000010, 101000 zgi·
101 11101010. 1010100010000101001110 11010101010, 1111001 1111110111 111-
1000101110 101 0100110110 0001101001 0010 1 0001110 101 10101010 010100
11100010, 11001101 0 11001010, 1011110001011 1010111, 0010001 0 010-
110 01001110100010000101001 0 -001100 0 0100100001 101101; 010 010 101110
Ρ1001101 0000011 0 101010011001 10 00101, 010 1111000 0110011110
01010000100001, 1010011οο Ρ10011010 00110000 11001, 0010011000011
1101101010, 00010101011 0 1101 01010110101110 0000, 101100101100011,
001010 01000 111 001000111. 000111010 11001 1 0001011 1001000, 111110 1010
0101011011 000100010, 10 11100110 0010100000011 10 00110 00011011101100-
1011010110 00110011. 1001001, 111100 0101011 00100, 11111001110010010
1 00110 00 101001 0001100010, 0001100011 1 0 01101 10 111 01100011. stu
000111010010010 1100100110 01110101 00101100010. 11111000 1111110111,
001100100000101010 11101011, 0111100 111 00 0101000 00100010 010001010,
100010 0011000101 01010 0011000, 1 01000 1100 111 10 0101001 10010 1100-
101011010, 01010 100010 11100110 110 0001000010. 1100011100 001110010-
0001 1 00100101101, 0010010000 10 0010 100, 0 11101000 1 0 101011 00-

, 0001010, 100000 11011001 1111010, 0001011οο 0000000 11010111000-

0100001ἰο go 00Ι 0110010 0000, 0101001οο 1100000110, 1 0110110 10 0010

 

