11. 1347. 1111111111 1. 209

111111111111111111111, 1111111 1111111111 111111, 111111111111 ed.
trouu 1111111111 11111111 1111111 11111 11111111. Ze 11111111 potem
111111111111111111,111111111111111111111Β1111111111111Κ1111 ,
1111 111111, 1 11 1111111111 ge 11 1111111 11111 1111111 1 1111111111
111111111,11111111111111111111 1111111111 111111 pomienienege
Κ11111 1111111111 11 111111 1111111111 1111111111 1111111111·
1111111111 11111 1111111 11111111 11111111111 111111111111111 1111111111,
1111111111111111111111111111. ι “

nere 1111111 ren.

11111111 1111 1111111111 11111 v 11111111 11111111, 11111111 1111 11111111
· preve 111111 1 1111111.

1111111111 1111 Ρ111111, 111111 1111111111111 1 111111111111111-
111111, 1111111111 1111111 1111111 1111111111, 1111111 11111111111111111
1111111111, 1111111 1 11111111 Ρ111111111, 11111111111111111 111111111111
1111111111, 1 1111111111111111, 1111111111 111111, 11111 1 11111111, 1111
1111111111 11111111, 111111111111111 (1111111 terrestria) 111111111-
11111111111111111111111, 1111111111 1111111111 1111111 1 1111111111111
111111111111111111, 11111111, 11111111, 1111111111111111 11111111111111-
111111; 1111111111 1 111111111111111 1111111111111111 11111, 11111111
1111 1111111111 1 111111111111111. 1111111111 111111, 1 1 11111111 111111111-
11111111111111111 111 1111111111111, 11 1111111 11111 Ρ111111111 (1111111
Ρ1111111111), 11 111111111, 111111 1111111111 11111111111111111, 1111
1111111111 111111, 111111 1111111111111 lub 111111111111 1111111111 1111-

’ 11111, 1111111111111111111, 1111111111 1111111111. 1111111111, 11 111111

11111111 1 1111111111 11111111 1 111111111 111111111, ele 111111 111111
1 11111111 11111 1111111111111111111 1111111111111111, 1 1111111111111111,
1111111111111111111111111 1111111, 111111 11111111 111111 1 11111111
111111 11111 1111111 111111111; 111111111111111 111111 1111111111111 elbo 11-
11111111 1111111111 111111, elbo 111111111 1 11111 1111111111111111,

1111111111,1111111111111111111 lub 11111111111111111; 1111111111, 11 ,

1 111111111111111111 11111111111111111, 111 pernego, nie nie 11111111
11111111111111 1111111111111111. 1111 11111111 1111111 111111111111111
1 1111111111 1111111111 11111 11111111111 1111111111; 11111 11111111 elbo
111111111111111111111 1111111111 111111 1111111 111111111, 1111111111

1 1111111111 1111111111, 11 11111111 1111111111, 11111111 11111 111111 111111,
δ. Mem· 1)Μο 1111111. Ka. IX. 27

 

