142 , 1111111111 10111111. 111331,

1.’ Ρ11111 1111101111, 1111111 11110110 01011110111111111001111 Β1111011.
Κ111 101101111111] sie od szpiegbw 0 jego nadciaganiu, 1111111111 ’10010
1]111 1 1111111111, 10111111 011011 1. Bunsdorf 101101111101111
1111011 111]111 11101110]01]011 Κ11]111011, w poprzodniej 11111111 1011111111,
111111 1111111 1011 stram: 1111 111 10011111 11 1010 swoje ryoerstwo, 11)]
1111111111011111110, 1111111 1111111]Ι 1011011110 1111110, 1110111110, 11
1101101111 1101111111 1 1011011111 1101110101 10011111 sie w 1011101111 00
1 1111011111] 1111110. 8110101110 1111011110 1011110 1101111010 10111111 111111
1. Ρ11111, 1001111111 11111 11 10110, w 111110] 11111111 sam 1101111011-
101, 11111] 111 1111111 11111 1111111110, 111]1111]1111)10111, 11)] 1111110
1Ρο1111011 1111011111111 111] 1]011. Ale gdy 10111 11111 1101111111-
01010, 1 1111101110] 1111 1111111 11011111 0110 v. Β1111011, 11111]111]111
1011011111111,0011111111]110111110110, Η111111 Elblagski i Al·
11011 (1111111111 11111 111]111 polegli; Κ11]110], 111110 gmin wielki, roz·
11101 1 1011011111 001111 w rozsypke, 1 Ρο110] 1110110 01111111 1111101110.
Za 1010111111111 Κ11]11111111 1111101010 1111 pogofi, 111011] nio 111 111111
111 1101 00111111111111ε Ρο110] 11011111 111011011111101011111101, 11111111
13111111 1111111] 0111 Κ11]1111ό1, 11101] 1111011111 10111]11])111111 1111111111
1111011011. Κ101 0111111111] 10 pobitym i pierzchajacym 111 11101110 (11111
11111110 1]1111111111, 1001111111111111111010110111011] 11] 11101011]10]111
1 1]11 cinglo 1101111111, 1311] 1110101110 0111101110 111001011011101111011110
1111101111, 11)] 11011]111]“101110111111 110 0111111111 wr0g6w 1110111111
11111111 1 1101110111. 011, chod 11101111ι prava strudzeni, 0 110 11101111 111]
1111111111] do 10131111, 11111 1111011 (10111011, 11111 1 11111]1111111111]
8010111,11011111111011111011111111, 00111111 00 1]1110 11111 1)]1011110111111
11111111]111111011, 101110 11111011]]“11101011. 1111110 10111111 10111011
1101111101, 1111 10110011] 1 00]1111111]’10]011 11111111) Ρ11110] 1101100111
111111 110110111111111 1101101] 111110110101031111 11111101] 111111]11; 111111

wien 110 01111011 11111111 11111 1110101, ale 00111]11]011111 11111111111111101 ¹

111011011111. ’1111111 111111 01 11011011 1101101 11 10 0111011]111]111111111111
1111]011 1011 (11 nonarum horam), 1111 10111011 0110 11101] 1111110111]
101111 1111101110. Ρ1101110 0110111110έοί 111110] 110]11]]’10101 legio w 11] 111111
11111111111110 w 11011011, 101111 11011011 Ρο110] 101111111011111111101- 1
10111; w 110110 11111111111111] 11011110 11111 11101110. Ζ Ρο1111ό1 11111- ³
111111]11101111101111111]’ 11110111] 1111111]11111]111 111011 1111111111] ’
0110111]Κ11110111111, Κ1]11]1 10111011 0110111]811110111011111, 1
1]1Ρ111101]11111111111Κ1111011111110, 11111118111111111111- ¹
10111 1111011111, 1 pospolitego 1011111111 1110111111 111111οε 1 1111111 11111
11101111 do 11111] 1111010111, jak 11111 111111 1111 11111110 0111101010 111]-
Ι01111110. Ν10 110111 1111011, 10 jo 0111]11111 Ρο110]1 111111Βο11 1 111]-

 

