1. 1331. 1111111111 1111111111. 145

1111111111 111111111111111111, 1111111 11111 1 1111111111, S. 8111111111
11111111111111111 111 1111111 1 1111111111 11111111111111111111.

lm 11111 1111111111, 111111 111111111111111 111111111111111111111 1111·
11111,1111111111111111111 grani i 1111111, 11111111 1111111111111111111
1111111 1111111 1111111, 1111111 1111111 1111111.

(1111111 1111 (111111, pod 6w 1111 111111111111 1 1111111111,
11111111111111111111111, 111111 1111111111111 111111 ι111 1 11111111
przez 11111111 111111111111111111, 1111111 11111111 1111111111 111 1111
111111111111111111111111 1 1111111111 111, 11111 1111 Polski po 111
11111111 1111111111 111 1111111111 11 1111 zgubniejszego 1111111 111 pomy-
1111111111111111111111 1111111, 1 1111111111 111111 1111111111111111111,
1111111111 11111111 11111111, 11111 111111111111111111111 jogo zamachy.
1111111111111 1111111111 tylko 11111 1111111111 111111111111111111 11111
1111 11111111, 111111 do Polski 1 111111111111111111111111111111. 0111111
gdy Wla'dyslaw 1111 111111 1111111 1111111111, 111111111111 1 Ρ1111
11111111111, 111111 1111111111 11 11111111111111111, 1 1111111111 pod
Ρ11111, 1111111111111111111 1111111 01111111. Ale 1111 J 11, 11111111 f
111111111111111 11111, 1 1111111 1111111111111 1111 1111111 111111111131,

1 1111111]Ι 111111111111111 przewagi, 1111111111111 111111 1111111111

od Prus 111111 11111111111, 0 1ο 1111111111 1111111111 11111111111111-
1111111 1 1111111 111111, 1111111111 11111 1 1111 111111 1111111111, 1111111111 ’
1111111111, do 11111111 11111] 11111111, 1111111111 1111 111111111111111,
[11111111 do 1111111111.

[111111111111111111 111111 1111111 11111111 1111111111 1 11111111 111-
:kin 1 1111111111 1 1111111 1111111111, 11111111111111111111 1111111 opion
puttam.

111111111111111111111111111 ibojom 1111111 11111111111111 11111111
11111111 1 1111111111, 111111111111, Κ1111 1111111111 1 J 11 (111-
111, 11111111 111 111111 1111111 S. 11111111 1 111111111111111111111-
111111111111 1 Κ1111111. 1111 gdy 1111 1111111111 11111111 1111111111
11111111111111111111111111111111, 1111111111 111111 1111111111 po· ·
11111111 111 1111111. Κ1111111111, 111111111111 1111111111 1111111111 1111111,
1111111 111111111111111111111111. Bergow i Poppo 1. 11111111, ·

J. nugo-x„ 1111111 Polus. 11. IX. 19

 

