0. 1131. 00000000 0. 167

0000001010, 111000 0000000001 010 00100. 11000100 0001 100100 00001010
,10110, 010 01010 1011110, 100, 11100 0 000010 00101010 010 00000 0000-
,1101000, 10 0000 100000001 0 000110 101001010οἰ 0001 0100001 0000110
,000101 0001101010. 11000000 10110010 101011000 100001 0000100000, Ρο1-
,000 1100100000, 1101000, 0000 0001101001οε 0000 10110 1011, 00010-
,0100000000000010 1010000001000000, 0010110 0001000100011100
,010, po 1100000110οο 0110 1101010110οο 00001101000000110000010.
’100 0000001100 1001001, 01010 00000001000,101 101000101100100100011
J 000 10110 1100011000, 10 0101000000 000000, 110 00000010 100 10110,
00010001 010 0 [0101001000 1000110οο 10101010 1 11οο0001100 0010000011
00 0010000110. 11001100 001 110100 011000, 10 01 10110 (1000110οο 101000
0100000101 1 000001011100101 010 000010, po 100001 101001000101111000100,
1 0 0000011110 1010010101οο0 101 00100010 0010 1 101001110, 111001011
0 0100000000, 11001010000 0000010000110001 010 01001010, 00001011 10001,
0101010 10 111000, 0 000001110 10101010 0000000101. Ρο110 0 001000 10110
110 010000000 1100010001101 00010100οη0 0001100 10101010 S. 110001
1100101000, 111111101011110010, 0101010 01100001 1 101000 po-
00011 0 0101 0100000101 0010100100. Α 010 101 000010 010 010101010101110
101010110, 00001000 00 00 000000 010001101100110; 1001 001, 111000 010
0010001011, 0101000000 000111010οο. 1001100 000010 110100 0001010000,
10 101 00 10110 0010 1 0000 001010 1 0100000000 1100010001101 00101010
00000000 0000000 0010100001 1000, 0010011, 0101010010 001101οο1 1000100-
0001 110100 0000000 01000111 010 0010000010, 010 10 0101010οο 0000101101

’ 8010000011010101010001, 1 010 0000011101 00010, 1110001011 0 1101010,

0001000 00 0010000001 00001000010100 10101010. 10 01010110 0001000000000
01000010, 00000001000001110 1010010010000, 101 1011010000, 0010 10οέ
10010 10000101101 1010101όο 00101000, 1 80100110 101010100 0001010101
00000010010001. Ale 0100000000 1001 0010000100 0000001011, 00010110
Βο100100 101010 Βιο00011, 0010000 010 0 000010 01001010 1001010110,
010010110110, 1000001110 0010 10010000, 0100100010, 1000100100, 0000000
1 1001010 0 101001010 0000001000001100 000000001100000111. 1000
potem i 00 000 10000 0010100 01101000 0001010 0101110 0100101100, 11000
00000 110010000 00000110. 81000 001 11001100 1101011000100011 00000-
011 510110010010101100 00000 00010 111010 0 00000100000100110 1001000
1001001001ου 0000010001οόΙο 1100011000 100001001, 0100100011 00011000
papie& 100010111111, 00100000 000010000000 0 1001010010, 000100-
110000 1110011000 1101000 1010010000 00 0001000011 000010 1 0010001011,
000011 0000001 00 10110 J 000 1010001011 1100010001101 001000 po·
10100101 1 01001001, 1000011 00 0101 110100. A 1010 00000000 J 00 1001
(100011 po 01010 1001 10000001 010 0 0001010 0001010010 01110100, papio&

 

