480 1111111111 11111111. 111395.

11111, 1111111111 1 (111111 111111, (11111111111111 1 1111111111111,
111111111111Κ1111111111 11111 8111111111, (1111 11111111 1 ubogie.
Ν11111111 111 1111111111, 11 1111111111 sie 11111 11111111111,
1111111 1111111111 Kurowskiego 1111111 (111111111111111 1 (1111-
1111 Krakowskiego, 1111111111 Ρ11111111, herbu 1111111, 11111
111111111111111111111111 11111111 J adwigi. ’

, Rok ΡαήεΙιΙ ms.

Ὴ11111111111 1111111 sig 1111111111111111,11111111111 1 mmmmm
, 1111111111 111111111111111,1111111110111111111 1 1111 1111111 11111ιί1111·
- Ν 11111111 1111111111 jo 11111111.

1111111111 krol Ρ11111, 111111 11111111 11111111 1 111111 1111-
(1111111111111111111111111,11111111111111011111111111111,
11111111111111111Ρ1111111111111111111111111111111111Ρ11-
111, 11 11111 sie 11111111 1111111111 przy 1111111 111111 11111111
1111111111ιί 11111 1 1111111111111111111, 1111111111111111111111 (1111111-
1111111 1111111111 0111111111, 11111111 1111111111 11111111 111111
1111111111 1 1111111111 1111111111111111111, 11111111111111111 1111111)
11111111 1111111111 »111 11111 11 111111111Ρ11111111 11111111, 1111·
»11111111111111131111111 11111 111111111ῃί1; 111 1111111 1111111 tego, 1111
,1111111111 111111 111111111 111111 1111111 111’1(1111111.“ beoz, gdy
1111111111 111111 0111111 1111111111 111111111111111111111111111
1111111, 1111111111 »11 1111 111 mia} 1111111111 11111111111111111111-
,11111111 i 1111111111111 1111111111 111111111111 111111113111-
,1111111 Polskieg0‚“ 111111111111111111101111111111111111-
1111] 1111111111111 111 111111 111111 111 11 1111111111 111111,·,111 11
1111111111 1 11111111111111, 1111111 11111111111111. 111111111111 111111-
1111 1111111] wszelakim 11111111 11111111 1111111, 1111 1111111111
11111111111111, i [11111111 mu zswej strony 11111111111111111111111,
1 1111111 1111111111 bynajmniej 1111111111 „aby 111 11111 111 1111111111 11-
„bie 11111 pomienionych, 11111111111111111 111 1111111111111 11111 1 111
,111111 1111111111, 1 1111111 11111111 1111111111111111.“ 1111 1111111-
1111] 1111111111 111111 0111111 111 11111 11111111; 11111 111111
1111111111 111111, 11 1 bez 11111 po jego 11111111 kraje 11 Ρ11111 1111-
1111111111 11111 11 Ρ11111, 1111111 11 11111 1111111111 11111111 nie
1111111 (111111111111111. 1111 111111111111 1111110111111 11111-
1111111 1111111111111111 1111111111, 111111 1111111111 11111111111

 

