0. 1362. 00000000 ’0. · 269

000, 00011 0 polu 010οτ1000 10110101 00000000 00110, 1110001010100000
000010 0110000100 1 010 010 0101010000, (10 000101 00000011. Ζο00000 (010100
0 000000 00001100 0 000101010101 00 1110101011 00100000 000001 (1000-
000 00010, 1 010010 01 (10 Wielkiego 110110 (10100 1 000 0010οι0 (10 01000
0000000001, 010000000ἰο 0 801010 00000 (1010ιο 11101110οη000 mur 0000-
110000, 001 1100000 00000100 01010 0 0000000 Κο001001101 0010010, 1 0000-
1010000 00100 0 000010, 000100 (110 01010 11101000, 0 000001 1010101
1110001101, 0 0001001000 000001000100001 0010 0010000001, 01001010
(10 00010, 11000 od 1110101011 (1000100 postu 010010 0110001, 1 010100 000000-
01 1001010000 10000 0001 0000011ζο00100000. 1000 1001000 11101000
0 000010 tego 0101010010 01010 00000000 1 001000. 1100001 000 Κ10001010,
0 0001010010 0000000000οἰ 0010001 001010 000101 0 0100010. 1101001000-
10001001001οΡ00011000 0101 mimo 10000000· 01010001 Βο011000100· 1001οι0
biskup Sambi j ski 00000001001000011 0000101001οο. 10000000 000 0010100
1100010011, 0010000000 00000 00001000, 1 0000011ἰο 01000 00100010 0000000-
000, 0000001 010 0 000011οι0 ’00100001 Ρί0100; 11000 gdy 000101 0(1 Li-
101000 0000000000, 000111 go 1000010011 0000001100 pod 00001 1111010-
00, 0 po 00100001 (101001 0101000000 10100100, 01010 11101000 00000010- ’
001, 101000000000001 000100. 1000000 00001 11101000 (10 0000010 0000001,
10 00000100101000000 1010100000 10 100100000ςο 00000011.

101010 01000000 010 00 010110, 0 00010010001000, 1000 1100010 0000000
1000011000, 11000 0000000 00 0100Ι 1000, 00110010.

11010 0010000000 (01001000110000 0100010 010 00 010110 1 100010 00100
(1000 (Ilugo 1000010, 0010010 00000010, 0 100100 11010110, w 1011010101
1100000 0001000000 010 0000111010 10 0001010οἰ, 1100010100 0000· 0100-
0010 0000001001000101. Ρο11000000 0100010 Anna, (00110010 Κο0010
(000000 1100οε11000 1 10010 1100011000, 0000010, 011000100000000-
001 1000101000, 00 0001 1100011100 Βο00010. 800001 000 000000 1110-
01000οἰ 00010011100000, 00010 11100010 10010010 Bawarskiego,
hsabi Ηο1100101 1 Ηο00000, 11000101000010000011010000010, 1000
10000 1010100ῑο 01100010, 0 00011 10010110 1010100101Βο000011000.
81000001 00000010 00000 8001001000οἰ (00000010 1100000110οι( (10100
1000 00000100 11000010 110110 00101000 1000001. Ζ100000 Βο000-
01100 001000010100 0000010100 (10000110 000100000100 001001100, 000
01010000 0000000 0001001, 0011010010 110001 00000000100010011 0000000-
niem 000100 0000100 0000011000 0010010 0000000 11000010 1010010010

 

