358 000000. 0. 1378.

101000· 0100001011 10000101, 00000 00011 (101 010111 01000000 0 100100100-
10000001 00001011.

110001 cosan 100000111 1011 100011 amiota, 000100100ιο 1010100010, 0111-
0001 0100000 01000000 00010 00000011011011000110, 0001010ιο 0000010100
11000101000110.

110101000101001000 (1001010 Κο001 000000 11000011 11011 (100011,
000010000000100010 101 1000010101οἰ 1 ι100100, 0010010001 10010 w Ρο0100
1 010101010101010010000 Ρο0011000001000000 000101, 0110000000 0000001000
1 1001001000 (1000110 000001 111001000οὴ 1100010100 010100 00010100 00
0000 010101010001, 1000000010] 001001 0001101001 0000001010001100100 swogo
0100010100, 0100000100101 1001000001 1 00001011000101000010, 0001000 00
0011001010οἰ, 00001000000001101010000000100 10101010010011 1 01100000001,
00000001 010 00000001 (1001000001 1 0100010100000001, 00100011 od 000000 0000-
10001101011101. Drugi 000 000 0000000 20000001, 11100 0 00000000100010
0000011000 01000001 00000010100 Βο001010000110, 01 101011010010
1100100011000 1 Polskiego 010000 00 010010, 00010111000100000 0100-
000 110000, 0000011100-10 0001100101οο 00101100 0001101100001010000 0 (10001
100100100011010110 010 00100000 00100010 0101 00001100. 11000οο00 000000
110001 10110 100 0001010010 00 010110 00010101 0100010, 010100101011100-
0111000000 01001000001 0 0000011οο11 110001 01111 0000001000 11000011000.
1110 000101 10 00010 mu 01000, 10 0000 00000 1111001000 (100οι01 1 0000
1000100ιο 00110001 0001011 00 00000010, 0101100. Βο 010010110000100100-
(1001010100011 01010 tego 00110011, 10110000 0 0101 0110001οο 0101001000
00000000010101001, 1100 00000100 001 0000· 00100001. A 010 10100 w 010010
101010111010 0100100100 0110110000001100 00 0010110000οὴ 00010100 (1001001001
00000 00101 (101000 00010100 0010101, 10 001000 010 000010 001 0001010101 010-
00; 010110000101001000 00000110 0010100011, 0000000 001 00100011 0000100010
0001000 tego 010 00001 0100100. 8000000001 000000 110001 000010 00101001
11000011101100010101011000, 0010 000000 (100110101οἰ0 001000 0 1110000 001
110010000010010001 000000 000001010100, 001000 0000 00000 (1001010100
1001010.

 

