11111111, 1111101 1111111 1 11110 s 111111111111 11111) 1111911 od ι1111111
1101111 1111 111111 0111103111111 1111111111 1111 111 1111011 1111
-11101 ι111111111111111111 (1111111111 111101 ι011111111111 (11111011)
111113111101101111111101 11111101111111111111111
(111111 111111111111111101 1 1111111111 1 1111111131 M 0111111111 1113
-111011111 1 11131111 10111110 101 011 ι1113111101) 11111110 111111 1111111
-11111 1111 1101111 1311111111 111103111010111111111011 101111111101110
(11111111111 0111111111 1111011110 1111011 1111 101111 11111 (11011 111
1111111 1111111111 1111111301 1111111 11111111 11110111 0311111111 (1111111

11 1110111 ι111111111110111111114111111111111111111(111111111101) ’

-111 11111 1111111111 11111110111 1111111 101111 1111011 11111 11
-1111011 1 1111111111 03111111 1111111111 1101111 01 0111 ί111111 1101111
111 1111011 11101 1111 (1111111 111 ‘mom 111111 1111110
-od 11101 0311 Ζ 1111111111111 111101) 1111111 ι11111110111111111111 1111
11111111111111111101 03011 1111 11111111 (0311111111111 1111111111 11111111
11111 1111111 ι111 1111111111 111110 11111 11111 611011111111111111 1111111011
0311101011 ι1111 031111 1101111111111 111111111111111 031111 111 0311
-111 ι1111111 11111111 01111 0311111 111 1111111111 1111111101 111111111111) 11
11111 ι1111111111 111111 ι11011011111111 111111011111111111 ι1111111
1111111110111111 0311311111 1111110 (1111111111111111111 10101103 11111
-0111111111 1111111111111110110110 1 1101111111 110111 11111 111 11111111
1311111 111111 1 111111011111 11101 03111111111111 ι1111111111111111111111111
1111011011 0311110111110101111111011111 ι1111111111111111111 0 ’11131101
11111111 1111111 111111 1111111 11011 111111 (1111101111 1111 11111111
1111111 11101111111111 11111111111113111111 11 11111111 111 10101111111
*11111101 03111101101111 111111 ι111111 11110 11111111 1103111 1111111111
-11 ι111111031111111103111110111111111111111 ‘vsvs 1111101 603111
-od 110111 ί110111111111111111110 (1111111111111 ’111 1111111111 11
-011111 1110111111 11111111 1311111111 0301111111111110 0311111111111111) 03111
-1111101010101111 1111111111 11 111 0111111011 1101101101 1111111 1111111 111
-1101011 0301 1 111 11111111 101111 11111101 0311111111 03111111111111111 0311
1111111111 0311111111 11101 111111111131110311 Ζ 101111111111 111111 1 111111
11111 ι1111111111 11111 10 1111111111) 11111111111111 11111111 1101 11
111111110111111111111 ’11111111 111111 1111110100111111111111 11111111
11011111 1101 1111111101111111111111111 11 1110111111
-od 11111111 111 (11111101 11111111) 111111111111) 01011 0311 11111010 (1111111111
’ 111 ί11111103 ι11111031111011 11111 1111111011 1101011111111110111

’0311111101 1 03111111ῖό11 011111 1111111111 1110101101 11111

11111 11 11111111

 

