111301. 1111111111 10111111. 35

11111111, 1111 1111111111 1111111111 11111111111111111, 11111111 1111 1111111
1111111 1111111111 11111111, 1 11111 111111111111111 dni 11111111 11111111111111
1111111 1111111111, 11111111 1111111111 trapi} 1111111111. 1111 111111 11111
11111111111Ρ111111111 111111 11111111 111111 1111111 111111111111 11111
1 11111111 11111111 111111111 11111, 111111 111111 1111111111 1111111111-
111111111111111111111. ’11111111 11111111 1111111111 11111 (1111111111 1111111
1111111 1 sam 111111111111111, 1111 11 od 1111 1111 111111111111111111 po·
logl. Po jego 1111111 1111111 1111111111 1111111111111111111111 11111111
sie z 1111111111. 1111111111 Ρ111111111111111111111111 1 111111 1111111
11111 1111111111 1111111111111111 11111111, Η1111111 1111111111 Ρ11-
skiego 11111111 1111111111 do 111111. Ten 1111111111111 11111111 1 gra-
11111 1111111 11111 1111111111, 111111 do Prus z 1111111 11111111 111-
111111111111.

’ 11111 1111111111 111111 1111111.

W 1111111. (111111111111 1111111 1111111111 11111111 111111111-

1111Ρ111111111, 111111111111111111181111111111 1111111111, 111-
111 111 inne 1111111111 11111111111111 11111111111111 1111111111 1111111111,
1111111111 11111 1111111 11111, 1 111111 1111111 Ρ1111111 1111111111 11
111111, 1111111111 1111111 11111111.

1111111 1111 111111 1111111. 1111111111 1111 1111111 111111 111111 111111 11111
111111111111111 11 1111111, 11111111 1111111111, 1 11111, 111 11 1111111 x
111 1111111, 111111 1 1111111111.

11111 111111, Ru dolf 11111 0111111, gdy 11111111 1111111111111 1111-
111Η1111111111111, 1111111111111 1111111111, 111111Β111118111-
111111111111111111Η11111111111, 11111111 1111 1111111111, 1111111111
1111111 1 11111111, 111111111111111111111111, (1111 1111111111 11111 111111,
1 1111111111 11111111, 1111111 111111 1111111111 1111111, 1111111111111111 11-
111111. 1111111111 1111111111 1 11111111 Ρ11111111, 1111111111 11111111-
111, 1111 1111111111, 11111111111111 po 111111111 (1111111 111111 (11111111
1Ρ11111111, 11111111111 111111 Polskiego 111111, 11111 grobie J'ego
11111111 1111 111 1111111111. 111111111111, i 11111111
11111111 1111111111 1 1111111111 111111111111, 111 1111111111 11111 1111111-
1111111111111111. 1111111111111111111111111 1 11111111 Ρ1111111 1111
1111111111111 111111, 1111111 (111111 1111111111 11111111 1111111111,

 

