001330. 0000000000 00000000. 123

0000000000100 0 0000 01011101 0001011101 000110. 11001000 010 ι10100 0 010-
1010110 010001 mu 01011000, 001001000010 10 00011 1100000, 010000 001010
0101101οό 10 Βο010100, 010 01000000οἰ01 0101111 0110000101110001
1000111; 0100001 001 1 0010000001 0100100100001011 111101001οο0 1010000001
0000000, 11000 0000100001, 010 jak najspieszniej, skoro 10110 010000000010101
100000 0101001, 1011 10 00001011, 1 1011 00 0001100000000001000 1000.
A 11010 00000110 001100, 0001000 1011000110οο 000001000, Κο001000 001 ru-
000111(οΒ0010100, 0010001000 1011 0 0000111000 000100010, 0000001οο
Ρο10110 000011000 0 000010110000101000010 1100000 100 10100] 0000-
001010, 1 1011001,·101100 0 10000110 drogi 0100011101 ku Brodnioy, (lali
0001 Ι000000000000 1001000 001100 000000. 00 10110100000000, 0001011 010
001001001οε1 10001110 00010100 0011001 10 00000 1100000 00 0000000000

00000 0100001010, 0101001010 01000 Lubioz¹ 00010 0001001000 0 1010010100 -

0000101, 0100 000111, 010101 1111000 100 00010001 1011 00 010010 00000010-
001, 0101110001 001001 0 0100010 ; 0000100 0000001010000 husee do 1000, 0 0101-
110 00001001 0100100011001010 000011001 0001100010 0 010000000010100. 110000
1001000 00000100 101000 010000 0 010000, 10101 01000001 11000001 001010010
1010000001 0 huju, 010000010010100· 010 0100001 jak stoozonia 11100 οΚ000-
101001, 1010 0110 0000000100 00100000100111000 101 00010000 10100000010000

, 0101011 0000100100, albo 001010 10100010 0100101000, 00101110 10101010101000.
2 110 Κο001000 00000000 001 00001110 000101000010 00000, 10 000010 101100-

0110, 00100 0000001100 001010, 00000010 1010110 1 0οι00001010000000100010,
010 sami 001011 000010 0 0000000000 10101000, ’ 000001 1 0110000 0100010010
10101 0101000, 11100100 010 01010 000100 1010 0101, 0001110010 010 0 01000100
1000 00010111 00 0101000100000; 001000000 00110 001000 10100, 0010011 01010
000110 10000001. Κο11 00010101000 0 00001100010 00101000] 11100, 10001
00001011 jak 0010000000Ι po kraju 0000000001οε 00 000010100οο 0000 0000001οο,

, 0010 0100010 0101011010 0 01000 101 010100010 0001000, 01000000 1 000-
, 11010 0010000010, 01011100 10110 010011010101001 000010101010 0001010110 00-

1000. 1001000 0 011001 000101, 000101 01010 000010000001 0110101όο 10
Prus, 01 0000101010100100 1000100010, 0001010000, 10010000 01000101
00000001000 101010 10110 00 1111001001 0100101 10 Ρο1011, 0010100000
010101, 00100 0010, 10000010 0100010 01000000 0100100010. 111010 0 10]· 00-
00010101000001010000, 01010 010101 010000000010101101 0010100001100-
100101110000 001000001 000010 10 000010. 1100001 001100 10 010001 11010001-

= 0110 j, 0 00110000 00000000 lub 0011001000 0010100 00000001 000001 11010001,

1010001 go 00000101 11110; 1000 010 0110101, 10 00 01101010001000, 001011
10 010001 010101101100, 0 00000000000 010 01000 0000 801000000

f (80100000) 1 1010010, 00010000101011 0000011000 0 0101000 000101 kraju.

3 11110101το 1110001000 0001000000 0 (1001010100, 01010 00110 0000 0000-

 

