’11111111 op 1111111 1111111 ’11111111 111111 11 1111
-1111111 1111111 111111111111111 (11111111 111111111111 1111111 *1111111 1111111111 1
(1111111111 11111111 1113111 11 11111111 1111111111 11 911 1111111111 1111111111
1111111 111111 1111111 ι1111111111 11111113 1 1111111111 1111111 M 11111111 1
11111111191111111111111111111111111111111 ι111111)1311111111111111111111
11111111 ι1111111 111 11111111 1111111111 ‚roffi 11111111111111111111111111111
-111111 ι11111311 1 1111131111 1111111 1111 1111131 11111111111111111111111
-11111 (1111111 op 111111111111111111111111 ι1111191111111111111111113 1111111
1111οᾶ 11111111111111 11119111 11111 1111 111111111311111 1111111111 1111111
-11 1111111111 1111111111 1 ι1111111111111111111111111 11111 113111 11111111
1111 1111111111 1 1113111 11 111111111111 (11111111) 1111111 (1111111111 1111111 111111
11111 (1111111111111 11911111 1111111 έ1111111111311111111111 111111111111111
1111191111 1111111111111 1111111111 11 ι111111111111111 11 ’11111311 1111111 11111
1111111 0 11111111 ι1111111111111 Ι11111 1111111111 1111111 11111111111111111111
1111111111 (11111111 111111 1 111111111111111111111111111111 11111111 1111111
-qo 11131 1111111111 111111 1111111811111111 11113 11111111 1 ι11111111111111 1
11111111 113111 ι1111111111111 1111111 1111111 ι11111111111111 1111111111 111111
11111111 13111111 1111111111 1111111111 1111911111111111 111111 1 ί11111111 111111
111111111111111 ‘hum 11 1111111 1011 11 11111111 11 ι11111

1113 ί1111111111 11111· 11111111) 1111111 1111111111 11119 (1111911111111111111111 =

111111 1111131 11111111111111 1111111111 ι11111111 op 1111111 1111111111 1111111
1111111111 11111111 1111111 11111111 119111 ’11111111 11111111 111 11111111
111111111111119111111 111119111 ι11111111111111 131111 1111 11 1111111911 1111
-1111111 11111111111111 (1111111 1 11111111 1111111 1111111ἦ111111111111111191ἰ
111111111111 1 “11111111111111111111 1191111111 1111111111 ι1111111111111111 11111111
1111111191 111911 11111 1111111 1111111 11111111111111 111111 op 1111111111 11
. 111311 11111111111111111111111 11111111111111111111 (1111111131 1111131 1111
-111111111111 1111111 ι1111111111 1111191111 ς111111111111111 1111111111 111111
131111111111111111 (1111111111 “111111(11111111Η1111111111111111 ,

momontum& 1 111111 [1111111111 1 ’11111111 unffi mamus,

1111111111 11111
-111111 1111 1111111111 po ‘qm 1111111113 1 ι13111111111111111 1111111111 111111
-111 1111111111 11111111 1 (1111111111 1111111111111111111111 1111111 1111111111
-1111 111111 1 11111111111911191111111 (1111111111 111111111131 1111111111 op
11111111111111 1111111 1311111111 1111111111 11111111 1111111111 po 1111111 mu

. Η. ’1111111111 1111111111 Ἣςῑ q

 

