212 1111111111 w. 11. 1347. ,

1111, 111111111 11111 1111 1111111 1111111111 11111111111111, 11111111
1111111111111111111111111,111111111111111111, 11111 11111· 1111111 A
11111111. (11111111 111111 11111111· 111111 111111111111 1 1111111111, 111
1111111111111111,11811111111111111111.111111111111111
11111 11111111 1111111111111,1111111111, 11111111111111, 111111 111111
1111111111111111, 1111111111111 1111111111 11111111 1 111111111111, 1111
1111111111 drogi 1111111111111111 11111 11111111 111111111111111 11111111-
11111111, jak 111111111 1111111111111 1111111111111111111, 1111111111
111111 1111111111111, 1111111111111111111 11111111, 1111111111 (111111-
111111, 1111111,11111, 111111, 111111111111111111111, 1111111111, 111111
1 1111111 111111 11111111, 11 1111 111111111 111-1111 1111111111111111111
111111111111, 111111· 1111111111 111111, 111111 1111111111 11111111, 1111111-
1111 1111111 1111111, 1111111111111 11111111111111 1111111111 1111111-
11111111; 11111 111 11111111111111 Ρ111111 11111111 1 1111111111 11111, 111
11 11111111 11111111 111 11111111 1111111111 Ρ11111 1111111111 albo 111-
1111, 1111111111111111, 111111111 111 jak 11111 1 11111111 1111111111 1111111
1111111. 11111 111 11111, 11 11111111 1111111111Κ111111111 1111111111
11 1111 1111111111, 1111111111111, 11111 11111111, 111111111111111111 111-
111111ε 1111111111 111 111111 11111111 1111111 nimi 1111111111111111, 1111-
1111111111.

11111111 1111111111 1111111111 w 11111111 11111111 111111 1111111111

1111111. 1111111111, 111111 11111 11111111 wo 1111111111 1111111111

1111111111 1 1111111111 11 1111111111 1111111111 v 111 11111111 111111
11111111 111111 11111.

W 1111111 111111111, 1 1111 111111 Β11111 111111, 1111111 11111
1111111 11111 11111 11111111, 1 1111111111111111111, 111111 1111111 11 11-
1111111111111111111111111111131111111, 1 11111111 11111111 11111111 1111-
1111, 1111111111 1111111111 1111111111Ρ111111111111118111111111, 1111-
111111111111111 11111111, 11111 1111111111, 11111111· 11111111111111111-
11111 1111111 1111111, 11111111 111111111111 11111111. Ρ11111111 11111, 11
1111 1111111111, 111111111, 1111 111 1111111111, 11111111 11 1111111
11111 (Mathe) 11111111111111111111, 11111111111111111 S. 111111 11111,
111111 1111111111111111111 11111 Β1111, 111111111 1111111111 Κ11-
1111111111,1111111111Κ11111111Π 1111Ρ111111111111Κ11111111
1111111 1 1111111111. Β111 111 11 1111 11 hagno 11111111 1 11111 11111, 111·
1111 11111 1 1111111111 1111111111 11111111. Ρ111111111111111 na 1111
111111111111111111, 11111 111 1111 11111111. 11 111 1111111111 11111111,

 

