1 1339. 1111111111 ’1. ’1111

,111011 11110 zagubionyoh, 1 0100011111 11310101110000111 i 110 1011011110-
,011 Α gdyby 1011010 101101111101 1001011011 11100101 1110101110ηο 1011 nio
„mogIa, 10111110 1111011110101010 11101 111110 1 1010000111, 111110 0111010
,10110011 1101111 101 1011101110 wynagrodzonm 1011111 pomienionym 10-

,1011110011 1011010011, 11010110101010, 1111010011 10010100111011011011101101110-
,1111011110 1110100 0111111 0110101110, 1001 00 101 11111 1101011010 110 111011
,0110010010 ma 1111 1101011110 1111011000. 11011, 1111111101 010 11101011 10010-
,111 01101011 lub 1111011 1001111οό 001110 11011010, 110111 1101110010 111110110-
„niem 110111 01110οη0101101 110 000111, 010101011011100111110111110 110110-
,1100101 1001111000 010 1111011 10101011, 11111101 gminy i 0001001010110,1111
,11101011 11111101 11011111 1101111011, 10110 01110010 10 01000110, 1111101110
,1 1011010111011 101101 11010010 1001101110 1110011011011001. BynajmnIej 101
,1110101101 1001111 nie 010 by& 110 011001101110 001010 111010] 10101001 po·
„przednika naszego Bonis acyusza VIII papieIa, 111110 1001110111, 1111111
,1010 01011100 0101010 1110010 1 11000111, 0111101 10111101 0110011101 wy-
,ρο11110011, 01111011 1010] 101 0111001011 1110 jednego od granio 01010]
¹ „dyocezyi‚ do 00111 1110111010 by& pociaganffi i 10 0010111101 001110110 od
,11101101 1011001011 nie mog& 1111101 1110011 00010011 1101111011 010- 1010
,3101100111 1110010 1 11000111, 10 1111101 0110010111, 0111110101ἰο 01030 110110
,1111101011 1100011 1101101101, 0111000110111011 1110110101 0110010101 1101101011
,11110111οὲ1 do 001111 01010 00011301. Nie 110 1110011011οό 1 1101010 0011011
„powszoohnego 0 11101 101001 0110010101, 1 inne ι101110110111011 001011 01 po-
,0110111111111 10011011 10110111 1111101101 111010, 101 0 1101101111 00-
,11111 10110 101 00010001111000111 11011010] 1101111 0011) 1010111, 011 101110
,11010 00111011, 11110101 110111011101 0110οό11 1101110 1111010010100101110-
,10101 101) 1011111111οό moeg. 0100101101 10101101101111111 1 bracia, lub
„inni 10001011 10101001, 11011 1010111010 110111 11010100110111 111011 111110-
„lony 00110 0118101101110010101110] 11111101, 10 1011110110, 1 010101001101,
„ani 1011 granica pewnyeh miejso do 0011 1011101, 0 1010110101011,10111111
,1 1001011011 1110111111 1010111000 1101110101 nie 11101110, 1111) 1110111011 1101
,1100101011 11111111 11101110] 1 1011101110] 01 01010 10 01010 0101101110
,1111111011 10110101 0 1010001001, 1010100001, 1111010011 111100001110011101
,11001101111110111 0100101111 11001010 0110111011 sie do innyoh jakieh'

,11100101 0111110111 1 110111110101011101, 101111 0811111011 11011 01010011- ·

,111011 1 1111011011101110101, 1111010111010111110101101010, 00 1011110]-
,01111 01011110 11101001 wyraInie 1010111000, 0110 10010 110101100101010,
,0 0111111011 11101101101111 00 10 110101 1 01 0101010 01010 1011110111 1111
,1111101110 8101011101 1101101100, 1110110110101100101010,1001101011, 11
,1101101111 1 100 101110 11011110 1110101111 110101 11001 11101 kogo innogo 10-
,01011 0100101101 ten dmgi nie byI 101111 1110101111 1011111001 101110110-

 

