vm

10111 1 0011100111. pol. 535.
101011 1111101. Wil. 542.
’ 10165 (11101001 1110011 10. 11110161 548.
· 101001 110110 ι Ρ10010000010100 10001. 8100011

. 1005140011). 1011160.

100 71001010 11101. 11101. 11. 23. 66. 88. 89.

100 ΙΙΙ. 110Ιί00 11101. Ρο10.94. 153. 159.

100 V. 110110011111101. Ρο111. 235. 252. 330.

100 111γο011 (Α11001 11101. 1100. 48.

100, syn 1510110100, Νο1001, 11101. Ρ100. 49. 81.

100 archid. Pozn. 98. “

100 100. Ρ100. 98.

100 11101 11101.11101.112. 153164. 168. 181. 195.

100 1 11001 1011010 11101. Pozn. 160. 169. 170195.

10010011. Κ101.011. 10010.

100 1 PIomykown wojew. 171001. 16.

10010 8101001118.

1001000. 1101 Pol. 181.

100 1100110 11101. 111001. 3. 8.

100 prob. 111010310611138.

100 0 11011 (1101100010) 00. 98.

100 syn Henr. ks. Gkog. 10. 01001000111311011100-
010148. 50. 51. 196.

100 syn Βο1. 10. 20101110. 206.

100 010111,ομ Henr. VII. 000. 11. 01. 51. 56. 57.
70. 72. 78. 79. 82. 85. 100- 103. 106. 113.
116· 118. 120124. 130. 134. 145148154.
155. 165-167. 188 195. 198 202. 205. 207.

100 ΧΧΙΙ. pap. 75. 76. 81- 83. 88. 89. 105. 106.
111. 112. 128. 129. 130155.

10001010111010 11. quier. 204. 329.

100 1111111111. 508.

100 010111. 110100. 7.

100 ob. Szwenc.

100 arcyb. Brem. 59.

100 1001101 1101111111. 134.

10011101. 1011001011 172.

100 0001110111. 179.

100 ν. 8010001001011 1010111101 182. 189. 192.

100 murgr. 3100101101. 31. 53. 117. 494.

100 10. 611101). 39.

100· 11101. 01010159.

1001011. 0000. pap. 274.

100 tyn Alexandra, 0101011 11ος. 125.

10011101. 101100. 223. 241. 540.

100 111101. 171011. 229.

100 0001110100. 244.

100 1101110 10111111 111111. 266.

100 ι 1300101000 01111οΡ010. 292. 359. 374. 437.

100 ι 81101000 1ορ1011 0011101. 1101101. 111. 298.

100 600010 syn pobooz. 1101101. W. 299. 310. 311.

10010. 61111. 329.

100 11. 110100. 349. 433.

100 0 110οΙ00110οἱ0 archid. 11011, 372. 392. 411
422. 432. 434 469.

100 0111 1110011110 1110110011. potem 1110011110-
101011. 375. 421. 422. 455. 479. 480. 494. 516.

100 ’111009 archid. 11100111. 376. 456

100 archid. (1010111 352. 376. 411.

100 8111110011 357.

100 1 1111001010ογ 10011. 1101111111 462.

100 1101000100 10011. 1100110. 399.

mmmm.

100 syn Ρ11001000 1 1101300100 411.

100 6001110111 010111. (1111011. 293. 321. 3231341
352. 361. 362. 364. 372. 373 376.

10011101. 0110011111 10110001ἑο0010) 330. 422.

100 (1011010 419.

100 syn Dobrogosta 1 8100101111 419.

100 ks. Bawar. 454.

100 1 11101000 462.

100 10. 10010101). 462.

100 ν. 111101000ὴοί0 (1100000010) 10101111 111111
463. 523.

100 101110. pol. 465.

100 10 11111011 (1110011001 479.

10010. Burgund. 481. 482.

100 (1100001 11010010 001011. 1101011. 4311 416.

100 Ι. 1000 ι 0111011000 11011. 8010111. 507. 5311

100 10011000 7000100111 507.

100 1 Το01γο0 10011. 11101. 500. 507. 509.

100 119000 110100. 100110 509.

1011 1 7010000, syn 10110 1101011. 80011010. 110100.
111011 510523.

100 10. 11001501. 510.

100 10011. 110110. 518

Ι1000 00001100 10011. 1711110 513.

100 110ςοΙο 11011. 111001. 519.

100 syn Spytka 111010111ηο 521.

10011101. Ρο1001.523. ¹ ’

100 0110901110100 100. 11111111. 523.

100 ks. Opaw. 526.

100 8011111011 010011 527.

100 10111. 1110100018οηί1. IX. 540.

100 1001οι00011 110 pol. 542.

100 1010101 1 (10111000 110. p01 542.

100 1110101011 011. pol. 546

100 05. 1100.

100100 herb. 001225489.

10010100 1100000010111. 601010. 30. 82. 88. ὅ.
92. 96. 112153. 169. 170179. 187.

1001111 19060Ιο11 2112. 360. 361.

1001όο w. 80. 521.

1000016150101010 47.

10001110. 11001501. 162. -

1001101 syn 1111101010 10 1111111101. 162.

10000110 1101010180. 266. 321. 382. 3115 387.
410. 451. 477. 485. 487. 525. 531

 

