4 111111. 1. 1300.

1111111111 1 11111111111, 11111111111Ρ11111111 11111111, 111
(11111111111 1111111111 1 11111 111111111111. Β111-111111111111Β1111111
1111111 1111111111, 111111 11111 111111 0111111111 1111111 111111111111111
111111 111 krolestwo Polskio 1111111111, 1111111111, 1111111111111111111111
111 (111111111111111111111111111 1111111111 1 1111111111. 1111111111 1111111-
11111 1111111111111111 1111111 1111111 111111111; w 1111111111111 1111
111111111111, 11111111 111111111111111, 1 11111 1111111111· 1111111111, im 111111·
111 go 11111. ’1111111 11111111 (11111 1111111111 111111111111, 1 111111 1111111111
11111111 do 1111111111 111111. Za 1111111111 11111111, Β1111111 111111
11111111111111111111111 w 8111111111, 111111111111111 11111111 11111
1111111 do 1111111111 0111111111, 1111111 1111 1111111 11111 1 11111101-
11111111. 1111111111 111 1111 11111111111111 11111111111111111111 1 (11-
111111, 111111111111111111 11111111111111111111 1 (1111 1111111 Ρ1111111 11-
111111, 1111111 111 11111111 1111111111 0111111111 1 1 jego (1111111111
11111111. 11111 11111111 1111 111111 1 (111111 111111 111111 11111111
1Ρ1111111111111111111,11111111111111111111111111(1111111111,
11111111 1111111 1111111111 1 11111111111111 Ρ11111. 1111111 (1111111111111

1111111 sie 11111111111111, 1111111111 1 11111111111111 1111 1111111, 111111·
11111 1111111111.

111111 11111111 111111 11111111 11111111111111, 1111111111111111 111111

1 pastuum 1111111111 111 11111111, 111 11111111 1111111111111111111111·

11111111111111111, 11111111 11111111, 11111111 11111 11111 1111111
11111111

111111 1111111 1111 (111111 1 111111 1111111111111111111111111
11111 1111111111 w 111111, 1 1 1111111111 1111111111 11111111 11111-
11 1111111 11111111111111 1111111111, 11111111 11111 1111111111
11111111111111111111111 111111 1111111111 1111, 1111111111 krolestwo Pol·
1111, 1111111111111111111· 1111· 1111 11111118111111111111111, 1111111-
111· 1 1111111111111111 1111111 11111111, 1111111111 1111111111 1 111111, 11111
Ρ111111 1111 11111 1111111111 1111111111, 1111111111 1 1111111111 111
(1111111111 1111111111 1111. Ι 1111111111 111 111111 1111111111 1111111111
1111111111 11111 1111111, 111111 1111111111111 1111111111, 1111111111, 111-
11111 1111111111 1 1111111111 1111111 1111, w 111111 1111111 (111111111111-
111 1111111111, 1111111111111 111111 1 1111111111 111111, 1111 11111 1111111
111111 11111, 1111111 1111111111 1111111111 111 11111111 1111111111, 1111111
111 111111 111111. 1111111111 1111111111 1 1111111111111111111111111111111111- ,

11111, 11111 11111111111 i wzajemnego 11111111. Ζ 1111 111 1111111111, 111

 

 

