1111111111111111 1111111111 1111111111 11111 ι11111111111111111
1111111111 111 1111111111 1111111111 111111 11111111 1111111 1111 11111
1111111111 (11111111111111111 1111111111 (11111111111111111111111 1111
-od 1111111 1111111111111111111 11 1111111111 11111111 111 11111111
11 1111111111 11111 1111111111 1111111111 1111 1111111 1111111111 1 1111111111
11111111111111111) 1111111111 1111111111 1111111111 111111111111 1
1111111111 1 11111111 11111 1111111111111 11111 Δ1111111111 (11111
1111 111111 ι1111111111 1111111111111 11111111111111111111 1 1111111 111
-11111111111 1 1111111111 111111111111111111111111 111111111 111111
-111 1111111 11 1111111111 11 11111 1111111111 1111111111 11111111
11111111 111111 11111111111111111111 ι11111111111-111111 1111111111

1111111111 11111111111111111111 1111111111 111 11111111,
111 1111111111] 111111111111 111 1111111111 1 1111111111 1111111 11 111111
1111111 1 ’111111 11111111 1111111111 111111111οῇ1 1 11111111111111 1111111111
111111111111111111111111 ’1111111 11111111 111111 111111 11 1111111 11111 ’111
¹ 11111111111111111 11111111 1 11111111111111111 ’111111111111111111111111

1111111111 1 11111
11111 111 111111111111111111111111111111 ί1111111111111111 111111111111
1111111111 1111 1111111111 11111111 1111111111 11111 111111 s 11111111
1111111111 1111111111111Ι ,1111111111 111111111111 1111111111111 111111
1111 111111111111111111111 1 111111111111111 1111111111 1111111 611111(
-1111 11111111111 1111111111111111 ι111 1111111111111111111111(
11111111111111111 1111111 1111111111 111111111111 111 (1111111111
111111 11 111111 111111 11111 1111111111 1111111 11111111111111111“
11111 od 111111111111 1111111 111111111 111 ι1111111111111111 11111 11111“
111· 11111 111 11111111 111 111111 1111111111 1 1111111 11111111 1111“
-11 1111111111 1111111111111111 1 1111111111 1111111111 11111111111111111κ
1111111111 11111111 1111111111 s 11111111111111 11111111 111*
ι1111111 1111 *111111111111111111111111111111 111111111111111111
-11111111111111111 1 11111111 11111111 od 11111 1111111 11 111 11111 ι111
-11111111111111111111111111111 ί11111111111 611111111111111111
1111111141111111111111111111111111111111.<11111111111111111
-11111111111 ι11111111111111111111111111111 1111111 (111
111111 11111111 11111111111111111 1111111 1 11111111111 1 ι111111
111111 11 11111111111111111 111111 1111111 11111111111111111111 111 11111111
11111111 11111111 1111111111 11 1111111 11111111 11 11111 11111111111111111
1111111111111 1111111 111 ί11111111 111111 1111111111 1 1 111111 1111 1111

’9891 Ἣ ‘mmmmm 501⁷

 

