1. 1347. 1111111111 1. , 213

111 oud (1111110 111011111111) 111110, 10110110 sie 011111 1011111111111-
101111110 30111111 1 1101011111 jego 11111111, 11011111 10 Κ111-
11111111Π 11111 1011111130, 11010010101110101111111 1111110111111111,
101011110110 11111111 1 111 1111101 1111111 1111111101 nie moglo 111111
1111011111, 1111111111 1 calogo 11111111 1110011110, 1 po 1111111111 1011101110Ι
1011111111 111011111011111 101111, 10 01110 11111101 1111111110 1111111 0110- ,
1111111111, 1111111111 1 111111, 1 11111111111010111111101111111110 11111111.
A gdy 1111111111 1 110111 1011111011 11111111111111118111111111111111 110101011
111111111011 1111110111111111011, 01110111 11 1111011 1111011111011111111-
1101 101010111 10 1111101010 101010111111111111011, 1111111111 1011111 1111-
0011. 1111111101111111 krol Polski Κ111111111 11111111, 11 1111011
111 111111 ku 1110 1111111011θί 1111111010 by} 1111110111, 1 11101101, gdzie
111101101011 11111111110111 3111111111 0111111, 1111011111111111111111 1110-
1111111, 11110111 1110111 1 1111110111 1010101 1111111111 111 01111 1 pod 111-

111111111 Βο1010 01111. 11101111111011,1111111111111111011111011, ,

1111 111111101011111 11101111, 1 111 01111 11111111, 1111 1111111010 01110 Ρ11-
1111, 1110111111 101110111111111111 Βο1010 (11111, 11111110111111 10111110
1111111 1111111 1010101011 11111111101111101101, 0111 1111111111 1 11-
1111111113111010111111 11110111 1100111 1111011111, 1111111110 11011-
chami, 1111111111, 011111111111111111111111011 1111111111 1011010111 0110111. .
11111111 1111110111110, 10111111 111, 111111Βο11110 111111, 11111111 111
1010101111111111110111101 1 111111 1011111111110 1110111111 1111011011111,
1111111 1010101011 011110, 1 11110101111011 1111111 11101 11110111111111,
1110101111101111111, 111 1111111011 111111 1110111111 01111. 1111111111
potem 1111111011 1 1011111111 1111 Β1101, 1111110111 1111 11101111 11
01110111 11111110 111101 1111111111 11101110, 1111111111 11111101 1111011111 ku 0101
1 pod 1011111111 S. 1111111111 11111101111101 1111011111111111-
11111, 11111111 0111111111, 11111111. 1101111110 1110111111011, 1111111111
1111110111 1 1111111111, do 0111, 1 muru oeglanego i 11110111101111111-
11111111 11110111. Ρο111111 111111 10101111 [1111111111 10111110 mur 1011111
110111011111 go 1111111101] 111111 1111111111111 1111101111, 11-
111101 Κ11111111111 1 11111111, 1111111111 go 11011111 1111111111 1111
1111110111110111111111111111011 S. Augustyna‚ 11101111 11101 1101101111.

11101 1111 11111111, 1111111111 10111111, 1010101111 11 11111111111110.

111111 11111110 1111111111, Κ1101 1111 1111111111 1 1111111111110111- ·

, 111, 01111111 1101010111 10010111011111111181111111, 111 11110111
1111111111, 1110101 11 1111111111 1111011111111 11111111 1111111 1111101111

 

