156 11111111 1. 11335. ,

1111111 1111111 1111111111 XII. 111111 111 11111111 J 11 111111
111111111 111111111111111111 1111111111 11111, 1 11111111 1111111111-
111 1111111 11111 11111 1 111111 1111111 11 11 1111111111 1111 1111111
1111111111111, (11111111 dragmarum), 111111, 1111111111 1111111·
1111 11111111111, 11 11111 111 111111 1111111111 111 11111 1111111111.
111111 1111111111, 1111 1111111 11111111 11111111 111 111111.

non νιιὶιιιι lm.

1111 111 1111111 11111 1111111111 1111, 1111111111 111111 minutim.

i 1111111111, 1111111111 1111 111111 11111111 111111 11 1111111111, 11111

111 11111111 1111111 11111111, 1111111 11111111 11111111111111111111111
1111111111 1111111111111111,111111 11 [miskam.

Ζ111111 1111111 1111111111 111111111111111111 1 11111 1 111111 11-
11111 1111111111 1111111111 11111 11111 Κ11111111, 11111 ,Κ1111 1111
1111111111 1111 1111011111 11111 111 11111111 1 1111111111. 11111111
’1111 1111. 1111 1111 11111, 111 111 s, 11111111 11111
1111 11111111111111111111111111111, i 111 11111111111111-
11111111111111111111111, 111111111111111111. Κ111 Ρ11111 11111-
11111,111111111111111111111, 1111 11111111111111111 1 1111111111
do 1111111 11111 1111111 Β1111111 11111 11111111, 111111 11111-
111111111111111111111111111111111111111111111111111111111-
g0, 11111Κ11111111 111 1111111111111111, 1111 111111 1111111111 11111
11111111111111111 111111 11111 1111111 11111 1111111111111 111111
111 1 J 11 1111 (111111 111111111 11111 1111111, 1111111111111111 1111111
1111111, 1 1111 1111111 1 1111111 1111111 111111 1 11111 Κ11111111 11-
11111111111Ρ1111111, 11111 Κ1111111 11111111111 1111111111
111111111111 Polskiego 11111111, 111 11111111 11111111 11111 11111,
1111111111 111111 1111 Ρ1111111, 111 11111111 1111 111111111111
11111111111111111111111111111, 1 111111111 111 1111111 111111 1111111111
1111111 1111111 11111111111111111. 1111111 111111111111111111111111
111 1111111111 111111111111111111111111. 11111111 111111Η111111111-
1111111111111)1111111111 0111111111111, 1111111 11111111-
11 1. 8111111111 11111111111, 1 Κ111111 1.Β1111111111

Swieckiego 11111111, 111111 1111111111 1 1111111111 1111 11111
1111111111, 111111 11111111 11111111111, 1111111111111 111111 111 do·
11111 111111 11111111 1111111111 1 1111111111111 11111 111111. Agdy
1111111111111 111111111111111111 1 11111111, 1111111 111111111111 1111-

 

