11. 1349. 1100101000 0. 219

11001, 0000000010001100010000110000 010100, 1 01100001 0001011 10 010101 Ι

11001101, 11110 0100 0 1000101 0001001001 0001010 10101101 00110 0000
1011011 1111010, 000 1101010100, 000000100010 0010110000011 1010101
1100111011, 0 0101001000 000111 11001 1 111010101010, 010100 0100111000
110101. 10101001 010 001110 0000011010 10 010101 110001101, 10 11110

10100110000110010010101οΒ1000100010000000001001000000010, 1000 ἡ

1001010 100100 01100 00100010 00101 101 010100 10110001010 100 0000110001.
1100010101000011 10 010101 (1110110011οᾸ, 1 0001110 101010010010 1000 0001-
0110 10100000 001010 (11101100, 1100010 001101 0 nim 01010000 0 10000-
10001 1 1101001001. Po 0000000010 01100000 001010, 0100011110 1000 ’01010010
010 1 00110101111001, 1100010100000 1111 Κο01011010 0101110101 0101111001
1010101 Rusi (1010101 1001001 00110 0000 01010) 10010010 010 001011

01100011, 00101 101001 00000 11010100, 0 0101100000 01 01011 11011 1 0100- ’

01000 0101110101, 011011 110 00000110 10000οο 11110 1010101000. (110 0100
1100 0001001000 0101010, 0101010 010101 1001010010 01001011, 0001010000 0 0110-
0100000011 00101001 010100110101011011, 01110100 000010010οω 1 000001000

01101010 1000101001 1010, 0100000000 0 0010111001011100001000010011 0100-
10011, 00011011 1001010011 0 101010010, 01000100000111010 10 Polski. 1010
0100110001 10 Κ101000,.1010100 1010 0000100100 11000111 0101010101 00
11001000001010011, 000010 0100010 010010 01000000000000111011 1010101101 010-ι

110; 01111, 0001001οο00 10100101 100010100, 00 00110 001 0100010000 01010
0011000010011010, 0010110 010001010101 0110010, 0 0100 1101010 1010, 0110-
000001 go 00 000101 00101000, 001000001001001 0101100. 100000101001001
101011 0000000100 0 0010111001010 11011110, 11110 1100 1010000000110100
0101001010 10101 11111110 000010 0110110001 1 10 111100100 1010110οο
0100100001, 0 0011101100 0110100100 0100110011 011101 na 0100001011 0010110101
0 0000110110 1010110010 10101, 11110 0010101001. Ι 00101000 10 101010 010 00-
00000 0110110, 01010 1111, 00011010101010000001000010 01000010, 010101
w 000001οἰ0 0000010100110101 101010. 101010 10010111 000011001010, 100000
010 010 00110011, 1 011001000010000101, 11110 00101 0010001, 0100001 011001
0001011000010, 1010010 0001110010 100001011 00100, 1 10110100 01101 010 00-
000010, 10 01101001010 0110000010 0001010010111 11011 00000 000000010, 1000-
010 1000101000101000001011010101 01010010. 10101 bez 0001010 1101010- ’
1011 00100110 001101011011, 000001 0100001011 10010 100010010, 1100110010
00010 11110001010100, 1000000· 11010010, 1110010010 0010100 1010010-
10 ι1010 1 0110000010, 010001000000 00000110, 100010 1 00101010 01100001
0001010100101, 1111001 0 00000010, 1100110010, Κο00000010, 100
1000011 1010000001 1000 0110000001, 1 00101 001110 10100 0101001100 001001001.
A 010 1010 0100101100 1 0100011001 1110100101 000100001011, 111100 00 010
000010 0001010011, 01000101001000100001 1 1010000101, 00 01001011 010 11010010

 

