1. 1329. 1111110111 10111111. 111

111, 1100111 1111011111. 111110 011111, 11111101 111 10101 11011 (110-
0111010 1 Κ11111111 01101111010111011111101 11110101, 01111111, 1 lu-
111 01110111 10 1011. 1110101101 0100οό1 1111111 011 Κ11111101. (11 111110
1011101111 11011101111111011 101111101101 1111 11111 1111101101
101011 11010111, 11111 1111111 11101 1011111011, 1111111111001010
0111111110 Κ1111111 1110111011 11001011111111 1ος01 11111 do 111011 11104
011111, 1111011 11010111 1111111111, 1111010 110111 1111011111 0111110-
1111 11010111, 1111110 111111 11111111101 0010111111, 11110111 1101111
1110111111 1011010111011101 111010111; 1110010111111 110101010 01011111
11111101, 101111111111011111 10111101 101101101οἰ, 110110111011 10111-
101111 1 0110111110101111111, 11011110 1111100011 111100, 10101011 11010
0101101101011111, 111010111110 1110101110 10101011 11011 11111 01111111
1010110111. 1110111011111110111011 1 111011101 111001110111, 11·
11101 11111 110101111 1 11110111, 11001111οο1 111011 1110011111,
po 1010 01110111, 10111111 11111110 101 1111 1110101 1110 01011011 01101111,
1110110101 1 1111011011101 10111 111 101111 01101111011110 0111101111111
1010. 0111011111 11001010111110111111111 1110010011011 (010010-
· 0111) 10 01011 1101111010 11101101, 0111010, 111111 110111111111111111
110101111101111110 1101110111 1 11101011 0111111 1 10 1111011111 101
1110101101οἰ 10110111. Ρο1101111111 10111 111 krol (11001111101101
110111 Pruski 01010101011 10 111101011, 01101111111010 Ρ1001, 0 01111-
11110 10110101111111111111111011, 01011111 10 1011 1110100111 1 101011.
11011110 111 1101111 1110110011 1010111111 011111011 1111011 Oze-
111011, 10 11 1111101111 111 Ρο10110111111011 10111111, 1111001110
011111111. 1110111 111101 1111111111, 1 11111101010101101111101111110
11110111011101 1101111111, gdy 110 11110 1111111 1011, 1101 1110111111
10111 1011111111 101 111011110111010101 11111, 111101 1110111111101111111
011 1111111111, 1101011110111011 1 11111111 1111110 11110, 11 11111001 1111.
1110101011111111 10101011 1101111011101 1011111 1111111111101011,
1111011111 00110 111111110 1010111110 1 110010 1 0101110 1 J 111 11111 (110-
0111010, 11111, 11111111 101011101111, 11011110 (1100111 1101 Pol-
0111 111101 1110111 011 111011, 11 11 110111 11001011, 1110 1111 krol
Polski, 11110111 10 1101 11110 101101, 11 101011111, 01111111, 01-
11111 11111011 111111101111111 1 11111111111111 Β11111111-
011101 01110111, 0 111111 111110 011 1011101110, 11111011 1111111111011-
111οἰ0 11 11011111, 1 111101 1001 111101 1101 111 101101, gdy 110101
1011011111 11111 1011111110 11111. 1110010111111111 1110011111, 011-
. 1111 01010101111 11101011011 1 11111010111111101111 10 11111111110·
11 1111011 101011111, 11111110101011, 10 111101 11111101101111
11111 111 111111, 101101101011 1101110111 111011011 1111101011

 

