516 ’ 1111111111 11111111. 111402.

11111 11111111111, ’111 111111 mu 111111 1111111111, 11111111Κ1111111
11 111111 81111, 11111 11111111 1111111111111111111111111111111 1111
1111111, 11111 1111111 111111111111111111111. 11111111111111111111111
,11 111 11111111 111 11 111 1 1111 111 111111111111111, 111 11111111 111-
,11111111111111111111111111 1111111111; 1111111111 111111 11111111 11111111
,11111 1111, 1 1111111111111111 111 1111111 11111111; 11 111 111111 11111111
,111111111 111111 1 1111111111 111111111111111111· 11111111 11111111 1111111
,11111111111111 111 11111111111111111111 1111111 11111111, 11111111 111111
,11111111 1111111111111.“ 1111111111 11111111111 111111111 11111111111111
· 11111111111111, 11 1111111111 11 1111111 1111111111111111 1111111111
111111111111111111. 1111111111 1111111Ρ11111 11111 1111111111 11
11111111111111111111111111111 ,11 11111 1111111111 1111111111 1111111111
1111111, 1 w razio 1111111111 11111111 11111111 111111 11111 1111111.’
To 111111111111 1111111111111111 111111 111111111 11111111.

11111111· 1111111111 111111111111111111111111111, 1111111 1111111111, obiam
11111111 prm 11111111, 11 11111111 1111111111, 1111111111 1111111111
111111 11111111.

1111111111 1111111111 111111111111, 111111111111111 11 1111111
111 111111111 1111, 1111. .. 11111111. . . w 11111111111111111111111· (11111-
1111111111111111111111 1111111111 111111, 111 11111111 1111111111-
11111 111111111111111. Po 1111111111111111111 Κ111111111, 1111111111
1111111Κ111111111111ι111111 8111111111, 111111111111111111, 11-
111111 11111111111111111111 11111111, 111111111111111 1111111111-
1111111; 1 11111111 1111111 11111111 11111 1111 11111111, 1111111111 11111-
111111 11111111, 1111111 11 1111111111 11111111111 111 1111111 po
1111111111 1111 1111111 J 11 Κ1111111 1111111 01111111, 1111111 111111
11111111, 111 1111111111 1111111111 111111111111111111111111111, 1111111111·-
11111111 111111111111 111 111 11111111 11111111 1 1111111111 1111111111111
1111111111. 111111111 J 11 111111111111 11 11111111, 1111111 1 111111
1111111111 1111111111 mu byli 0111111111 1111111, 11111111 111111 1111-
11111111 111111111111 Κ11111111111, 11111 11111111 111 11 111111 11111-
111 1 1111111111.

 

