01320. 0000000000 00000000. 91

000101 080010010000 0001000001 0100000001 0000010001 1010101000
0000100. Κο110000 0 000100 0 [00100001 000101 0010011, 01010 00000010
0001000100 00011010, 0100011010 00101011 10101 najrychlej ido 0010100000
01011010000001011. 01 wgo 00000 10110 000001 krol 1110100100 001000-
001 010 0000101001000110100, 11100001 010101 Bogu w 000010 00000010 00000
0010010001. Ζ 1010101010 0000100001 0000011100 000010110011, 0110100 0010-
mu 00101010, 110 0110, 010001 1000001010ιίόο 01000100 010 1001000010000-
010οῃ00. 1100010010 00001όο 0 0010011 1010001000 00101 00010100 mo-
10001 jak iubogioh‚ iwszystkie sprawy swoje 00100001 00100001 001000
1101000, 101 1111000010010010000001 hylo 00100 000 00000010, 0 111010]
0000001010 0001000010100 0000000 1000100οῃ1000 Boskim. Wielkim 101000
0010111001 11010101, gdy 10010010 1110101010 0000110 00000 001010 100010

0100000011, 01ῐο 010 0 001000 000100 00001, 1001010 011010 0 001001 teki: ·

Ι 0 010000]Ι 100100 0101011 najlepiej poznaJa„ 101100101000001 010 0001001
Bogu i 000100 00110000. “

1100001 110010 0100000οι00 0100100 00 11100, 01010010 000101110101011ε 010Ι
010 00000 0 0000000, 1110101 0010101ιο go 0101010010 1 00000101 101 jugo
0 0000 00000010.

1100000101 Pruski Henryk v. Ρ10010, 011101οη0 1010010000 00-
00000 0000010 1011010000 0000001000 10 010110, 0001011001010 10110000
101 1 010000, 10001001010010100101 001000, 1100001011 00100001 00010100,
010000000ογ 10 11100, 000101 1110101011 jak 10110 0101 0010000001
00010001 1001000001 0000100001. 1110101 1000000000 1 10010101, nie
0010000001 bynajmniej 10110010, 001011 010 10 00010 100001011ἰο 00000001
101οο001000, 00000 11000 Κο001000 0 00000010 0000010101101011; 000101-
000000 101010 0000011110 100000 0101000, 0000000111 010010 na 0000000110
Pruskiego i jego w0J'sk0. 1100100 0000000101 0101010100] 10100000 001-
01000 000011 0001011000 0001100 10 1000, 000010 0101000000 01 111010όο
110110 0 01001 01010, 00100011 sam 00000101010000 000010001001001 mie·
0000, 0 001100 0000000 0001010 00010011 00000101001011 010 0 0100010. Li-
10101 000100οη1 00001001οο10 1001000000010000010010100101010000, 010-
000 bogom 0001001000 101011, 0101011 0100 ogromny, ijednego 0110010110,
brata 01110 v. 80010011, 01001000 1 zbrojad 00 01000 0001111. 11000001 010
0000101100001110110.

 

