178 1111111111 w. ,1.1339. .

“ ,,1 111111111111111111111111111111111111, 1 1111111 11111111 11111111
,1 1111111111, 11111111 11111111 1111111 1 11111111 1111111 1111111111 111-
,11111Κ1111111111 1 11111111 11111111 0111 1111 11111 1111111111,
,11 1111111111111111 1111111111 1111111111, 1 11111 1111111 11111111 1111111,
,1111111 1111111111, 1111111111 1111111 1111111, 1111111 0111111111 1111-
,1111111111 11111111111111111, 1111111111 1 1111111, 11111111 1 1111-
,111111111111111 w 1111111111 Ρ111111111 11111111 1 do 111111 1111 11111111,
,11111111 11111111,11111111111 1 1111111111111111 1111111. 1111111111 nam
,11111111 11 11111 111111, 1111111111 1 bracia 1111111111 1111111, 1111111
,1111111111 1111111, 11 111111Ρ111111111 11111111, 11111111 1111111111,
,1ο 11111111111111111, 1111111111· 11111111 11111111111, 1111111111111111,
,11111 11111111 1111111111 1111111 111111111 1111111111, 1111111111, 111111-
,11111; 1111111111111111111111111, 1111111 1111111111111111111111 Ρ11-
,1111111 1111111111, 1111111, 11111111 1111111111111,811-
,1111 111111 1 1111111111, 111111, 8111111, Β1111111111, 0111111111,
,1111111111 11111 111111 11111 11111111Κ11111111, Ρ11111 1 1111111111
,11111111111111111 1111111111, 11111Κ1111, 811111 (8111), Κ111111,
,Ρο1111111111 1 1111111111, 1111 Κ111111, 1111111 11111 1111111111111-
,11111 1 1111111111ιηί 1111111 1111111111ιὶ, 1111111111111 1 1111111111, 1111111
,1 11111111 1 1111111111 11111111 1111111, 1111111111 111111111111111111111
,11111111 1 111111 1111 111111 11111111 Ρ1111111111, 1111 11111111 1111-
,111111 11111111. 1111111 11111111111111 11 1111111111 1111111111111111111
,Ρ11111111111 1111111 1 1111111111 111111111111 11111, Ρο1111111111,
,Κ1111111111(111111111111), Β111111111,])111111111111 1111-
,111111111111 11111 111111111111 11111111 1111111111111111, 111111
,111111111,111111111 11111111111111; 11111111, 11111111111 1111111111-
,111111111111111 111111111111, 111111 11111111] 111 11111111, 111111 111
„w og6le 1111111111 1111111111111111111111111111111 11111111 111111111Ρ11-
,111111 11111111111, 11111111 sam 11111111 1111 Ρ11111111 111111 1111-
101111, 1111111111 11 11 1111111111111111111 11111111111111 S. Ewangelii.
,11111111 1111111111 1111111111111111111111111 w rzeczonoj 11111111 albo
,1 111· 111111111 11111 1111111111 1111111 Ρ111111111, 11111111 11111111
,1111111111 111111 1111111111 1111111111111111 111111111111111111111111
,1 1111, 1111 11111 11111111 1111111111111111 11111 nami i 111111111111111
,1111111111 S. 1111111111, 11 je 1111 1111 1111111 1111111. Ρ11111111 111111-
,111111111111111111111111, 1111111111 1 11111 111111 111111111111 S. 111-
,111, 11111 1111111111 111111111111111 11111 1111111111 1 11111111111111 111-
,111111111111 w 1111111111 1111111111 111111 1111 1111111 Ρ11111111ο,
,1111111111 11111111 1 1111111111 1111111111 1111111 11111111 1111111111
,1 1111111111. 1111 1111111111 111 111111, 1111111111111111111 1111111111-

 

