52 1111111111 11111111. ¹ 1. 1311.

1 11111111, 111 11111111111111111. 1111 11111111111111111111 111111111
1 11111 111111 111111111 ,1111111111 11111111, ,111111111111 1111111
,11111111 1111111111 111111 1111111111, 111 11111111 111 1111111111 111111
,Ρ1111111111 1 11111111 1111111111111111111 1111111111.“ Κ11111 1111·
11111111111111, 111111111111 111 111111 1111111111· 111111 11111111-
11111111111111111111111, 1 11111111111, 11 11111 11111111 111111 1 1111
11111 1111111111Ι 11111111 11111 1111111 1111111, 1111111111 1111111 1111111
111111111111111 1111 1111111111 1 111111111111. 111 1111 1111111111 111111·
11111 111111111111111111 1111111111 111111111, 11111 Κ1111 mium
1111111 1111111111 11111111 1111 11111111 11111111 Κ111111111, 11-
11111 111111 111111 1111111111, 111111111111 111111 1 1111111111 11-

11111111111111111111 11111 11111111111111111111111111, 1111111 1111- ’

1111 1111111111 111111 1111111111 11111 11111111 do takiej 1111111111
111111, 111111 111111 111 11 11111111111111 11111 od 11111 11111111 1 111111
11111111111 1111111111 ,1111111111Ρ111111111, 111111111111111 i 1111-
,11111 111 1111111111111111111111111111, 1111111111 111111111111111,
„po nieprzyjaeielsku 1111111 1111111111 11111 11111111111111 1 11111111 1111-
,111111111111 111 111111111 11111111 1111111111, albo 1 11111 11111111
,11111111 1111 111111111111 11111 1111111111, 11111111 11111111111111,
,11111111111111111111111111111111111 1111 111111Κ111111, 11111 111
,11111111 11 111· 111111 1111111111 11111111111111111111 111111111 1 1111
„go 111 1111111Ιί 1111111111 111111111111 1111111111 Ρο111111, 111 1111111
,111111 1111 1111111111 1111111· 1111 Β111, 1111111 11111111· 11111111,1111111
,111 111111 111111 1111111111111 1111111111,“ 1111111 111111, 111 11111111
111 111111111111111111111111, 11111 1111111111, 11111111 1111111 11 111111

1111111111, 111111111 111111· 1111 1111111 11111111 11111111, 1111111111· 111· ¹

111111 11111111 11111111 11 1111111111, 11111 111 111111111111111111111
1111111111, 11111111 111111 111111111111111111, 1111111 111111
1111 1111 11111111. 11111 11111111 1111 11111111 11111111111 11111111,
111111111111111 1111111111 ,111 11111111111111111 1111111111 111111 Ρ1-
,1111111; 1111 1111111111 1111111111 111 1111111111 111111, 1111 1111111
,1111111111 1111111111111 1111111 11111111, 1111111 1111111111111, 11
,11111 111111 1111111111 111 11111 11 111111 11 11111111 1 111111111.“
1111111111 11111 1111111 1111111111111111111ε ,11 11111111, 111111111 111111
,1111111111 111111111111, 1111111111 11111111 1111111, 111 11111
,11111111 11111111111111111111, 111111 1 111111111111 1111111 111111111111
,11111111111111111111111111 1111111 01111111 111111111111
,1111111; 1111111· 111111111111, 11111 1111111111 Ρ111111111111111111-
,1111111111111111111 11111111 11111111 11 11111 11111111 1111 1111111
1111111111 111111111111 11 1111111 1111111111111, 1111111111111 111-

 

