110 mmmm w. 1. 1101 .

010110 1110110111 10111 0110101011, 1 01111011 1011100001110110101011110,
1 1111110111οη11, 10 01011011110 1101 101101 10111000 00111000, 1101111011 11111010
111100· 111010, 1010111110 0101010111001110111, 1 011101 111011 1110000110 po 111001,

’ 01000111 101110 0101010000 01010, 11000111010 1011101000 110 (1000111, po

doznanej 1011 1100100 110100, 110110111010101111 (10111110. 111011 111000010-
10111 1011110110 01101101 1010. W 0011100110111 101 010110 J 0010110 1110
10 1111011111, 1110101011110111οΡ011110, 0101110111100011 0011101110
11110101; (111011100111011011 110110 Ρ11011111 0101101110111110101111,
0011 1111111010 1010111111 101000, 11110 po 1111 (111011 10 1111 101101111011
1101010; 0010111011101 0110110 011001 11010101101100, 11110 11001010
111101110001011010, 10111100 1011011, 10011100· 001000011010101,
101101110 010110 1 1110110110, 1 01101 11010111010110010110101102011111,

1 1101101010 00111011. “

10100101 111010 1010110011 1 110011 1111010.

11111011 10 100 10010110 (11110 1110110110110001110101101101011011 1110-
’ 10101011001111110011, 1011101110; 1110111 0000010101011011010
1100110 1Ι 1 101100111οω 10101010 0001101010. 1101 01001001101101011001,
10 110100111100· 0111100101 11001010, 10 0101 1 110111 10101010 1110 (10110101
1111101111 10111101 1 10111; 01110111 1101010011110 11010110110, 10110101
10110 10 0111110 11110 0000 1 1111011111010101010.

11110111011011111111Ρ101111Ηο111011111011011Μο1101111101
po 11111 1101100111 11111001 1. 1111101010.

11100101 110110 110110 11111 1110010·οο 01101 101010, 1101010, 110110 1101100
00110 11010101111, 11110 1111101 1010011010.

Ζ 01010 1010101111101101110101, 11110 110101111100111110011 11001011,
0 11101011οἰ0 1 1100110011, 10010 1011101010, 101000 010001010110011011011,
1 00110 110010 10101011010011, 01101100 110 011011101010100101111011, 1 110-
0101 10111010 10 Ρο1111. 111011011οω1 11001111 0110100110111, 1110001011
oni do 0110110110011101010111, 111011010 po 1110110011 1 1110010001 110011100110011,
01010 1110000 01101010 po 000011, 1 11011000 110 01 do 11111 0011101111 11011101101111 1
1110101101111, 0110011111 1010101010111110111001011 001101 1101110110 0 1110-
1110 1111111000 0101111. 11110 11111101 101100 0101011011 01101 0101 1110011110
10110, 010 1 1111101101110 1101111001 1111010 11101 001 00101110, 111010 110 0011101
0110101010, 10 101010101010110101111, 10111 10110111 01 0011111100 1101011 10-

 

