111360. 1111111111 w. 259

1 111 1111111111 1 1111111 11111111 1011111111, 111111 11111 DQ·
bno (1111111Ζ111111111 1111111111 11111111 Κ11111111111), 11111 11
11 1111111 111111 11111111111111111111111111. 111111 1 11111111,
111 11111111 1 Τ111111 11111111 Κ111ο1111111, 111111 111111-
111111 1111111111 11111111111111; 1111 11111111 11111111 11111-
11 1 11111111111111111111, 11111111 1111111111 111111111111111111111
111111111111111111111 11111111 1111, 11111 1111 1111111111, 1111111). Ten
1111111 111111111 do 11111111, 1111111111 111111 1111111 11111111. 01 111
1111111111111111 1111111111, 1111111111 11111 1111111 11111111111.
1111111111 1111111111 11111111 1 1111111111, 1111111111 11111111111111 11111
11111111,Κ111ο1111,811111111111111111111,111111111111111111,
11111 11111111111, 1111111111 11111 1111111111 1111111, 11111111·
1111111111, 1111111 11111111111 (vulpium), 111111111111111,
11111 (11111111, 111111 811111111111, 11111111 Η1111111111, 11111
Ρό11111111,1111111118111111111111(8111111111).

non 1111111 noo.

111 11111111 v 111111.

Po 111111 1111111111 111111111 1111, 11111111111111111 111 11111111-
111, bo 111 11111111 1111111111111111111 1111111111. 111111 11111111 go-
11111111, 111 to 111Β11111 111111 1111111 1 111111111111 11111111 1111111,
111 1111111 11111111111111111111, 1111111111, 1111111111, 11111111111 1111-
111111 11111111 11111111111, 1111111111 1111111 11 1111111111 1111111111 11-
1111111111, 1111111111111 1111111111111111, 1111111111, (11111111,
11111111 1111111111 11 1 1111111111 1111111111, 1111111111111111,11111111111
11111 1111111111 Polskiego 111111 11111111111111, 11 1111111 111111 11111
11111 11111111, 1111111 111111111111111111111111111111 1 1111111111 11111111.
W 1111111 11111111 11111111 1111111111 1111111 111111 11 1111111111-
11111. 1111111111 111 1111111111, 11111 111111111 1111111 11 1111111111 do-
1111111, 11 111111111111 1111111111 11111111. 1111 11111 11111 111111111-
111 11111111. Β111-11 111111 1111111111111; 111 11111111 111111111111
1111111111111111, 111111 11111 1 11111111111 1111111111111111 111111
1111111111111111 111111 11111111 1111111111 S. 11111111, 1111111111
11111111 1111111111 11111111, 1111111, 1111111, 1111111111, 11111 111111 1111,-
11111 111111111111; 1111111 1111111111 1111111111, 1111111 111111111111
111111111111111 11111111 1111111111 do 111111 1111 1111111111, 1111111-
1111111 1 11111 11111111111111 1111111111111111111, 111 11111 111111111

 

