11. 1383. 1111111111. 395

11111111 1111111 1111111 111111 1111111 11111111 11 11111111 1111111111
1111111111,1111111111111111111 pali 11111 1111111111 1111111 1111111111 1111111
111 1111111111 111111 11111111.

’.11111111 11111 11111 11111111 11111111 111111 1111111111. 81111·
111 1111111 8111111, 1111111111 Ν11111111,111111111111111111111111-
eontego 1111111111 111111111111 1111111111 111111 1111111111111111·
111111, 11111111 (1111111 (stuba) 1111111111 11111111 111111111111-
11111 1111111 1111111, 1 1111111111 11111 111111, 1111111111 11 1111111 111
111111111111111; 1111 1111111 11111111 1111111111, 1111111 11111111 mog}
11111111 1111111 111111 (111 111111111 111111111111111 1111111111 1111111111
111 1 mogo, 111111 1111111 11 pola 1111111111 (11111111 11 1111111111 11-
111111) 11111111 11111111 1111 po 11111111 11111111 11111111111111111111
11111111 1 1111111111. 81111111 potem i 11111111111 1111111111 1111111111
11111111111, 11 11111111111111111111 1111111111 1111111 (111 11111111
1111111111, (111111111111111111111 1111111111, 111 1111111111 1Κ11-
111111, 1111111111111111 1111111111 1111 1111111111, 1111111111 111111.
81111111 111 11111111, 11111111 11111111 111111111111 111111 111 111-
1111111 1111111111 1111111 1111111, 111 1 1111111 1 1111111111 11111111 1111-
(1111111111,1111111111111111),1111111111111, 11111111111-
11111, 1111111111 1111111111111111111111111111111, 11111111
1 8111111111 1111111111 Κ1111111111, 11111111111 1 81111111
11111111111111111111, 1111111111111111,111111111111, 11111
im 11111111111111111111 1111111111, 11111111 1111 1111111 1111111111 111-
1111111111, 1 111111 1111111111 1111111111 111 1111111111 11111111 ·
11111111111,111111111111111111111111Η111111Κ1111111111,
1111111111 111111111111111, 111111, 1111111, 11111, 1111111111,
11111111, 81111111 1 Β111 1111111 11111111 1111111111, 1111 11111111 11
1111, 1111 1 111111111, 111111111111111111111111111111, 1 111111111 11111111-
1111 1111111111 11111111 1111111111 1 1111 1 11111), 111111111111111111111-
m6w 1111111111 1111111. 8111111111111111111 11111111 1111 11111 111111-
1111 Polski. 1111111111, 11111111 11111111 1111111111 1111111111-
1111111111, 11111111 111111111111 mu 111111111111111, 11111111111111
by} 11111111 1111111111, tego 1111111111111111111111111111111 1 1111111111
11 1111 111111. 8111111111 Winoontego 11111111 111111111111
1111111111 jego 11111111111111111 1111111111111 1111111111111111111111111.
Pod 111 1111111111111 11111111111111111 1111111 11111111 1111111111111;
111111 111111111111111 111 1111111 111111111111111 111111 1111111111
1 1111111111. 111111 11111 111111 (Ρο11111) 111111 1111111111111

 

