61363. 6666661666 6. 271

1 6616666666 6616661 6666616 6161616616 61616666 1661666] Wegiers'kiej
66116661 66661666666 61666, 6666616666, 1616666166 6666611. Ale 66616616
1166166666 6666616661611ε „fle 6616666 161 6116666, 16616 1661166 6666
,1666666666 166666 6616 6616666 1666166616 61666, 616 6666616616 ij 666666·
,16616 66666; 16 66666616 616 6616 16 6 ioh 16666, 616 66161616 66 6666666
,16616 66611 6166661 6661161 666666 616666 6661 6666666666 6666666666(6
11616 616 6666616666 66666, 616 6161666 6666666 666166666666 6166666166,
6666616611 6 Pagi, gdzie u 1166616 6666666 666666161166666666616166,
1 6666111 66 6666666666 66 66666 16616 666166611666, 11666666
666616661611 66666116 66 616 im u 6666666 Κ66616 6666666616, 1 6616161166,
1661666 6166666 1111161616, 6661166 1661666166, 66611616 6166166. 1166111166
61666161 11666111, 666166116666 61666666 16666616616666 666166, 666166
6666 1166616666· 61666 6666111, 61666166· 6666616666616 6 6666 16616616 6666666-
61 66666161, 11666616 16666666666616666, 6661666611 6666616 616 6166666
1661116666616666666, 666 6166166 1666661666 66666616, 616 6666616666
66 666166666616 666166, 66661616 1 66 6116616 66661 Κ6661661 66666661
11661661 0666161666 66666. ’166 66166 66166661 6666166 66 6666611161
16666166166166 66666, 6 66616 66666 6666661666 66 6661666161] 1661661
1616161 66661666 66116661 66666666 66616 6166666 66666 1 66611161. 1166616666·
666161 66 66666 6666 6666666666 Κ6616616666 166616 1161611666 6666666,
,6661666666 6666666666]Ι Ε16616616 61661666 666666· 616 66666661 1661666-
616, 6161166 66 6666166 6666666 66166661 6 616 ’66666 6116, 16666661
„z 6616 6661666 6661616 661666.“ 11661 11616161 Κ661661666, 6666616666 616
6 66661 6661616611 6666, 6666666161 1666611661, ’16 61616116 6 6616 6116
16166166 Ρ616161666, 616 1666616616 666666616 mu 66 66666, 666616 6666-
66666661 666111161161666, ’1666666 111661. 1161666 6666666, 16666116
166111661666161 1 1166161666 kral Polski, 6661611 6666666616
16616 116611 6661616,1616666661616166666 mu 1666666 66666661 666666 66
66666, 6666666116 61666 66666 66166· 66666666· 6116 (6611666166 26666661
1666666 Β66661666 16161661661666161666, 616616 6661616666 16616
Polskiego). Κ6661 661 666666, 666166666666 616 1 666661666666616 616661,
1 6 6661661661 6666666166616 661616 6166661166 1 6666666616, 16 6666616 616166
6161116666666616666661666666116 666666 666666116 6661, 6161 6661611616
166616 66161616111661661 1611666166, 66666666 ich i 61666666, 666 mu
dos'tarczyfi 66611166. Α 1616 66166616 616666 ’66116666 1166166 6666166, 6116166-
1666 6666666616 1616 6666616666, 66166616 6666161666, 66666661666116 166-
6666116, 661-16 666666 ju& datkiem ku swej 6666666, 1 6166166 6616 6661666
16661666 6616 6666666661 61666666 616 66 66666666616616116166· 1 6666611666·
66666. 2666666 11666611 666161, 6661666666, 16 1616 1666166 616666661666
66166616 6666166661, 6661616616 66666· 1666661661, ’616 6666666 6666116666

 

