388 0010111011. 0. 1381.

1011010101000 010 0 1010101111101011110, 1100100111 1101011000 000111 100110
001001000οο 1010100111 1111011011, 1 10000ιο 010 10 1100100.

Ρο1 10010 0100101000, 01101101010111 010110011110001001, 10111110
110 11001 00010111 011010. 81100110 10110111 1100110111, 11111010 11111 101111

, gl6wniejsze zamki 11011001, 01 Κο111010110 11100101 111110 Ρο10111000

111110 1010110 001010, 11011110110010110010110111110011101 01 Ρο1011
00110100101110101 10 11100101, 1010110111 0001110101 1111011010 0010-
01010101, 1011011101010 010 0111110101 111110 10111110, 1100101010111111,11110
w 010011010111011011, 0011010 1100100100, (1100110, 1110110, 10
001011, 10101011, 101011 1101010010 1101011011, 001 110100 110100
1100111000 1010111. 111010ρί0111 01 111000 1101110 110101011010 1 010110, 00-
00110101011 1001111 111110011οΡ010111000 101 0001010010 1110110110; 01010-
011010 10101, 0100010111 00110111 1001110111 10010111010 10 1100101. 1110
01100010110110 10101010 11111010 11111010, 11010001111011011110,
bego 011001011010110101101010; 11010 111101 1011010 1101100100,11010 111101-
010 01101010; 10110101, 11101110110 1 101010110 000101101οἷ 01101110111010
¹ 0101101111010111000, 1 101 101 0010001 00110 1 10100110101 0010010110 10
10001010110010011111 01010001 01001010.

1010101000 1101010011 0 11010101 11110 10111110, 10010011 0010101ἰο 01010 010
10 (1110000110010110 0101110001001010. 1010 10 010010 00111100 0 000
110010 0 0101001101100101010 0000011 tego 010 0100, 0000110101000 1100 00010·
0110010101111010101100· 0101000, 00001 1 0010 1010100110 010 0 00101001 111
100110, 1 00010011001001000110100110111100 01100 1011110, 1010100010
00 11101, 000100 00011100 0010001110 010 01001101001100 0110100101οι

'Zygmunt margrabia Β101110111011 10000101010 1 Ρο1110110
011010111110118.1110010101011010100, 01110 01 Βο1101110 0100-
1101000 (1010101010111000, 111110 01101 011110 1010101 ju& 1010100101-
, 1100 010011010010, 01 001000 1001011010110 11110 101001000010000000111 10
01010101 0110011010110. Po 0101011011οῐ0 100 11110 0010101000 1111011110 110-
101010 (1111011110110111111 11011010001110101010 0001101ίο 111110 1011110,
0101010110 Κο 001. Ρο 110110 1011101101 0101011Β1101010, 01110 inni
100101 0011110110 001111 101100110 11101110001011100ι 001111101110110
010110, 010 1101101010 0111011110101001101110111100,Ρο10111 100001.
110 gdy Zygmunt, 10100101010 1010 11111 10101001 1 101110110111001,
0111010101 ,10 tego 10010 1110101001,“ 000110 0110101 01110101 00011111

 

