¹IX

1111111111211111111.1111111111.3613118. 1111111111 1411111111 111. Syeyl. 197. 204. 215.
111111811511111111 111111. Κ1111.11111111. 111. Ρ11. 223. 316. 329. 371.

309. 310. 11111111 111111 1111111111, 1111111111. ees. 269. 448.
11111111 3111111 1Ρ111111)11111110111111. 323. 11111111 11111 111111.111111..111111111111. 1111111. 4321
11111111 1 811111 419. 1111111111 (11511111111532.

111111 11611 1 0511111419. · ’1111111 1111111. 11111111. 462. 514. 519.
111111111Τ11111111111 111111. 111111. 538. 544. 11511115111 Ι.111111111115111(111111111 1111111111
1111111 ob. 1111111111. 1111511, 11111. 266. 271.

1111111111 11. 474. Jordan 1111111. 01111111. 414.

111111 z 3111111446. 1111111111 11111Ν1111111111111111. 111 462. ,
1111111 11111. 0111111. 323. 1111115111 1111111611111111. 281. 349. 452.-
11111111111811111111 11115 0111111. 150. 187. 1118. 1111111111 ob. Jurgenburg.

195. 210. 223. 227. 241. 241. 253. 251. 260. ’1111111111 11299.

275. 279. 284. 294. 300. 312. 314. 322- 1111110111111111111111.111. cz. i Γ 11. 3. 7. 20.

324. 340. 111111 11111 1151111 ces. 20.

1111111111 1 8111111111 334.

1111111111 011111 462. 8..
1111111111 5111111111556.

1111111111 m. i 11111. 453. . 1111111111 11. 177.

11111111 11. 552. 1111111 11111 473.

1111111 1111111111111111111. 153. 181. 1111111111 ob. Β111111.
111111 11111111 1111. 8111111. 333. 334. 344. ¹ 11111111 11. 531.

111111 1 011111111111111111111111 464. 465. 467. 11101111 1111111135. 50. 76.

470. 1111111111 1 11111. 3. 21134135181. 194. 223.
11111 1111111111. 111151. 311. 940. 111111. 1113111111.

' 11111111 8111111 26. · 405. 408. 409.

111111 1Τ1111111 111111. 111111. 236. 346. 400. 453. 1110111111 50. 194.

523. 1111111111 (01111111) 11. 242.
111111 1Τ111111111 1111111. 8111111111. 402. 403. 417. 11111111 ob. Tomasz.

419. 507. 509. 111111111111111111111350. ,

111111 151111. 1111111111 m. i 11111. 340. 376. 406.
1111111111111115 111. 441. 494. 497. 520. , 11111ιί11111 11. 11111111 m. 5111 11.

1115111111 11111111 ob. 7711111111. 11111ιί11111 2111111111. 328. 349. 388. 521.
111111111011111111111, 1111. 111. 377. 1111111111111 1111111111 (1111111, 11111111 0111111111)
1111111111. 526. m. 356. 456. 556.

1111111115 11111111 ob. 11115 11111115 Hugo.

11111111 bisk. Pozn. 3. 11111111 11. 302.

11111111 1111111. Krak. 181. 11111111Ιί11 483. 506.

1111111 podkomorzy 111. 11111 1111 quier. 11111141. 93115. 111111.
111111111111111111111146. 125127. 130. 145. 141. 152. 154. 161. 131.
1111111 1111111 111111. 243. 1110191316.

,ledaei bisk. suffragan 01111111. 361. 373. 111111 1111Κ11111111. quier. 93. 316.

11111111 Μ1ιο111111,111. pol. 111. 111111 ν. 1111111111 11111111 11114345. 51-53.
11111111 8111111111811111111111111111 1111111111 71. 105.

395. 410. 111111 syn 11111 5111111115 111. 1111111. 1111100159.
1111111 1111111 111111. 11111 441. 189131. 192. 198. 205. 208. 213. 213. 227.
wne} 1111111111 11111111 519. 235. 246 264. 269. 270. 272. 274. 279. 281.
11111111 Τ1111111111 1111111111 Κ1111. 527. 535. 293-295. 311. 323. 339. 345 355. 358.
1111111 ob. Andrzej. 111111 syn 11151111 111. 81111. 75. 223. 316. ·
111111 (111111) 11. 94. 111111 W. 316. ’

111111 herb. 111. 288. 532. 111111 syn Hugona Κ111111316.

1111111111. Swidn. 548. 111111 do Pace 426. 421. 512. Δ
111111111111151 11. 242. 111111 Ι. Η1111111 1111111111 11111111Ρ1111. 67.
11111113111111286. 287. 347. 11111111111 (0111111111111111111. 71. 75.-ι
setam 111111111111111111111 343. 1111111111111 111115111111111111111) 27.

move (1111111) 11. 28. 11111111 230. 264. 365.

 

