348 111111. 1. 1311.

111 1111111111, 11111 11 1111111 1111 11111111111111 1111111181111-
111111111 111111111111111 11111111 11111 1111111111 1 1111111111, 1111
go 11111 1111111111. 11111111 1111111 1111, 11111 111111 1111111 11111-
111111 1 11111 1111111111, 1111111 111 1111111 1111111111111, 11111111
11 111111 11111111, 1111111111111111 1111111 1 11111 111111 1111111. 111
1111111111, 1111 11111111 1111111111, 1111111111 111111 111111111-
111 1 1111111111, 1 11111 111111 1 11111111. 811111 1 111111111111, 111
1111111 111111111 1 1111111111, 1111111 1111 111111 1111 1111111111.

111111 1111 1111111111 1111111, 111111111111111111111111 11111 1111111,

1 1111111111 1111111111 11 1111111111 1111111111, mvn 1 1111 1111111111

11111111 1111111111, 11111 111111 11111111 1111111111 1111111111,
ι 1111111111 1111111 1111111 1111111111. 1

1111111 1111 1111111111 1 111111, 1111111111111 111 1 1111 2
11111111111111111 111111111111 111111111 1111 11111111, 11111 111111- 1
11 11111 11111111, 1111111111111 1111111 11111111 111 1111111111· 1
111111111 111 1111111, 1111111 111111111111 11 1111111111111111 ⁴
Polski, do 111111 11111 111111111111. 111 11111 111111 1 111111111- ζ
11111111111111110111111111, 1111111 1111 1111 1111Ρ11111 1111
“ 11111 11 11111 1111111111 111111 11111 11111111 1 111111, 111111 1
1 1111111111· 1111111111111111111 1111111111 1111111, 1111111111
1111111111Ι 11111 1111111111 0111111111 11111111 1111111 1 111 11111111- 1
1111111 11111 1111111111 111111111111. 111111111111111111 111111.
1111111111111111111 11111111 11111111 1111111, 11111 11 11111111
1111111111111111111111111111,1111111111111111111111, ¹
po 1111111 Κ111111111 1111111111 811111111111 na niego 111111,
1111111 11111111 (111111111111, 11111111111111111111111 11 11111111 1
11111111111 Bialego nabyte; 1111111111 111 1111111, 11111, 111· 1
11111111111111 1111111 1111111111 11111111 1111111111 1111111, 1
1111111111111111111 111111111111111 1111111111 11111111 1111111111. 1
To 1111111 Ρ111111 1111111 11111, 1111 1111111 111111111111111111111
111111, 1111111111, 111 1 111111 1111111 11111 11111111 Ρ11111 1111111
1111111. 1111111111 111 111111 0111111 1111111111 1111111111111 1
111111111111,111111111111Β1111111,111111111111111111111, 1
111 111111111111 11111111 111111111111111111111, 11111 11111 111 1
1111111Κ111111111111111111 811111111111 1 1111111111111111 Ι

1011101111 1111111 1111111111, 11111111111111· 1111111. ³

 

