54 1111111111 11111111. 111311.

111111, 11111111 Ρ1111111 111111 111111111 111111111 Ρ11111111
11111111 11111111. 11111 11 111 111111 11111 1111111111 111 1111111 11111-
1111111111, 1111111111 11111111111111111111, 1111111111 1111111111111
111111111111 111 111111111111 1111 1 1111111111, 111111 11111 11 11-
111111111 111111, 111 11111111 11111111, 11111111 1 1111111111 111111 111
1111 1111111111 11111111 1111111111 1111111111 11111. 11111 1111 111-
1111111 Β1111111111111111111111111111 11111111 11111111 11111 111111
1111 111111; „W 11111Ρ111111. Amen. Ρ1111111 111111 1111111111111111,
,111111111111111111111111111111111,11111111111111111111- ·
„lego 111 1111111, 11111111111 1111111111 1 1111111111 11111111 11111111
,1 1111111 11111 111111 11111111111111111 1111111111111111111111111 111
· ,1 111 111111, 11111111111111 111111, 11111111111111111111111 1111111111-
,111 1111111111 111111 1111111111 1111 111111 11111111 1111111, 111111
,1111111111 111 111111 1111111111, 1Β1111 11111 1111111111 Β11111-
,111111 1111111111, 1111 1111111 0111111111 111111111111111-

,11111111111 111111111111 1111111111, 1111111111111111111111 1 11-
,1111111111111111 11 1111111111. 11111 1111111111 111111111111111111,
,111111111111 11111111 1111111, 11111 1111111 1111111 (11111111111,
,11111111111111 1111111111 111111 8111111111 111111111111111 1111-

,111 11111111 1111111111111111111 111111111111111111111, 1 1111111
,1111 1111111111111 1 Ρ1111111, 11111 11111111 1 111111111111111111111,
,1111111111 11111111111111111011111111111111 1 11111111 111111 11111111
,1111 1111111 1111 1111111 11111, 111111 1111111111 (1111111111111
,1111111111 111 11111 11111 11111111, 11111111 111 11111111111111111Ρ1·
,11, 1111 111111 1111111111 111111, 111111 11111111 11111111111 1111111
,11111 11111111, 11111111 1111111111 1111111111, 111 1111111111 111111-
,111111111111111111 11111 1 11111111 1111111111. 111111 11111111111·
,111 111111 1111111111111, 111 1111111111, 11111111111 1 111111 11111111
,0111111111111 111111 Ρ111111111 1111111111, 11 1111111111-
„niem 111111111111 1111111 111111, 1111111 11111111 Β111,1Ρ111111-
,111111111111111 111111 1111 111111 Ρ1111, 111 111111111111 11111111 111
,111111111111111 1 111111 1 11111111 11111111 11111111111111111111
,Β1111 11111 11111 11111111111111111; 1111111111111 011111111111,
,11111111 11111111 1 111111111 1111111 1111 Bag, to 1111111111111, jugo
,Β111111 111111111, 111111111111111111 11111 Ρ111111111, 111111 11111
,1 111111 (111111, 111111 11111111, 11111111111 111111111111111,
,1111111 1111111111111111111 1 1111111111111, 11111111111111111 11111111
,Β11111111111111 111111, 11111111, 1111111 11111111111 111111111111
,1 1111111111, 1111 1 1111111, 1111111, 111111, 1 111111111111 1111111-
,1111111 1 11111111, 111, 11111 1-111111; 1 11111111111 11111111 111

 

