110 1111111. n. 1370.

· 111111111111111111111111 1111111 11111111, 11111111 1111111111111
herb 1111111, 111 111 11111111111 1111111111 1111111111 11111111111111111·
11111. 1111111111 111 11111111111111111 1111111111 1111111 111111111111111·
1111 1 1111111111, 1111111111111111 1111111111 1 111111111111111111111 111·
1111111111111, 1111111 1111111 1111111111 111111111111 1 11
111111. 111111111111111 1111111111, 1111111 8111111111, 1111111 Κ11·
111111 1 11111111 111111111 111111111, 111111111 testamenta 11111
Κ1111111111, 1111111 111111111111, 1111111 11111111, 11 111 1111
Κ111111111 1111 111111 111111111111 111111 11111111111111111111, 111111
11111111, 111111111111111111111 11111 111111 1111111111111, 11111111, 1111-
111, 1111111 1 111. 11111 1111 111111 111111111111, 1111111111 1111111

11111111, 1111111111 111, 111111 1111111111 11111111111 1111111111 1 111· .

111111,11111111111111 111111111111 Κ1111111111 1111111111 1 1111111111
1111111111111, 1111111 111111111 1111111111 11111111 1111111111111-
11111, 11111111 11111111 1111111111 1111 1 11111 1 11111111111. 1111111111
111111 1111 1111111 11111 1111111111, 11111111 11111111111111111, 1111111

111 1111111111 11111111111111111111111 1111111111111111 1111111111, 1111111111 ’

1111 1111111111 11111, 1 1111111111, 1111111111111111111111, 111 111111 ³

1111111111111111111. 0111111111, 11 111111111 111111 Κ1111111111
11111111111111, 11111 11111, 11111 1111111111 11111111111111111 1111111,
1111 11111111111 111111111 1111111111111111 111111 1 111111, 111111, 11
1111 111111111111 Κ111111111111 111111111 811111111111111 1111111
811111111,11111111110111111111, 111111111111111111111111,
11111111,111111111111111111111)1111111111,11111111111111
1111111111111 111111 1111111111 1111111111111111, 1111111111 1 11-
11111.111111111111111111111111111111111111111111110111111111
do 11111111 1 11111 11111111, 11111111 111111111111, 111111111111-
11111 1111111 1111111111 11111 1111, 1111111111111111 1111 1111111111-
11111111111, 11111111 1 11111 11111111, 111 1111111 1111111111111

1111111111111111111111111. 11111 1111111 1 1111111111111, 111 11111111· Ἰ
1111111111111111111111111, 1111111 1111 Κ111111111 1111111111111111

’ 111111,1111111111111111111111111111,111111111111111111, 111111111- 1

111111111 ; 11 111111111 11111111111111111 0111111111, 11111 11 11111111

11 1111111 1111111111 po 11111111111. 1111111111 1111 1111111111111 1111111
1111111 11111 1111111 11111111 Sandomierskiego i 11111111
111111111 11111111 Κ111ο1111111ι 111111 11111111 1 111111 11 1
111111111111 1111111111111, 11111111,111111111111111111 111111111- 1

1111111111111111111111111, 11111111111111111 111111111111111, 11111111
1111111111111 111111111111. 11111 1111111 111 1 1111111 1111111111, 11-
111, 1111111111111111111111111 1111111111 111 111111 11111111111111

 

