11159. , mmmm. ’ 111

..11111111 1111111111 111111 11111111 11111111 sprzedam munnam„ 11111 (10
,1111111111 11111111, 111111- 111111111 111111 1111111111 1111111111 w 11111,
,11111 111111 ’1111 11111111 11111111 1111111. 11111 1111111111111111111111
„z 1111111111 1111111111 1111111 (1111111111 111 (1111111111 1111111111, 111111111-
.1111, 1111 11111111· do 1111111111 11 S 1111111111 11111111 111 1111111111111Ι 1111111
,1111111111 1111111111 111111 11111 11111111 11111111. 11111111111111 111-
,111 1111111111 111 1111111 1111 1111111111. 1 1111111111 1111111111, mino
,1111111 1111111111 111111, 1111111111όά1 gumm. 111 1111111 111 111111111111111111,
,11 111111, ku 1111111111. 1 11. 1111111111 111111 11111111, 1 11111· 1111111
,11111111 Jo. 1111111 111111 011111111111111, 1111111111 Nam 1111111· 11111-
,1111111 1111111111111111 111111111111 11111111 111111 1111111111, 1 11111111 1111111,
,11111111 111. (1111111, 1111111111 111111 1111111111 1111 111111111111111111111111
11111111, 11111111 1111111111 w 1111111 111111111111111111111111111 1111111111,

11 jodam 1111111111 1111111 1111111111, 1111111111 1111 11111111 tzom-
.111111611111111111111111111111), 1111111111111111 11111111111111111

,1111111111 11111111 ij 111 111111· 11111111111111111111111111111 1111111111-
,sei 1 1111111111 111111, 11 1111 1111111 1111111 1111 1111111111111 1111111 1111111 111-
,111111111 11 1111111111111111111 1111111111 1111111111 11111111111111111.
,Α 1111111 1111111 11111 111111 {any 1111111111. 11111 1111111111· 111111 11111 111111
„z 111111 1111111 1111111111 1111111111. 1111111111, lub 1111111111 (lo 11111111,
„a 11111111 1. 111111 11111111 1111111111 judan 1111111111 111111, 11111 1111111
»1111111111 1111111111] 111111111111111111111111 Mo, 11 1111111111·-
»1111111111 im 1111111111. 1011111111 1111111111, 1111 1111111 1111&-
,11111111 mani 111111111111111111111 1111111111 1111111111 1111111 11111.-
,11111 11111111111111 11111111, 1111111111 1111111111 1111111111, 1111111
11111 1111111ωῆ1111πὶ 1111111111 w (11111111 1111111111 po 1111111111 11111111
»1111111θά111 1111111111 manias 1111111111 11111111111111111111111111.
,11111111 1111111111111111111111 111 1111111111 1111111111, 111 1111111111 11111 1111111
,1111111111 1111111111, tam i. 1111111111111111111111111111111111111111111
„monim joJ’ 1111111111111111111111111 11111 111111111111111111111111
,1111111111111111111 (111111111111111111111-1111, 1111111111111,
,11111111 11111111111111111 z, 1111111111 (111111111111111111 1111111111-
,111111111111111111,.,111 11111 11111111· 011111111111 du· 1111111111, jak
‚w 1111111111 11111111 sa 1111111111, 1111111111 111111 1111111111 11111111, 111 11
„wlodwn 111111 1111111111111111111111111 111111 111111 111111 1111 1111111111-
11111 1111111 1111111111 111111 1111111111111111 1111111111, 11 1111111111
,1111111111 1111111111 11111 1111111 1111111111,11111111111111’111111,1111111111
,11 (11111. 1111111111 1111111111, (1111111111 1111111111 1111111111 111111 po
,1111111116 111111. 1111 1111111111 11111111 111111 1111111. Eure-10 1111111111 soh
»mh NWNJAEIB 11116δῇ1 wybwfflS huam mh· mtepwmss fflffm ΟΜΝ

 

