. Ι Δ 1111111111111111
op 111111111111111 ί111111 11111111111111 1111111111 1 61111111111 1111111
-11 (1111 1111111111 11111111111111 4111111111 1111111111 (111111) 11
-11111111111111111111111111 11111 1111111 11111 op 111111111111111111
131111 111111111111111 111111111 61111111311 1111111111111111111 ι(1111
11) 1111111 11111111 1111111131 613111111111111 1111 1111111111 (111
-111 1111111 11111111 11111111111111 ’11111111111111111 111111 1 111 1111111
11111111111111111 11111 1111111 1111111111111111311 1111111 1111 1 11111
-11111 11111 111111111111 1 Ξ111111111111 1111111111 1111 1111 1111111 Ι(1111
-1111111111111111111111111111111111 1 1111111 ’111
[1111111111 11111 op 111111 11111111 11111111 11111111 11111111 1111111111
1111111 1 1 ’111111111111111 1111111 6111111111111111 11111 13111 1 11111111
111111111111111111111111111 ’11111111 1111111111 1111111111 1111111111111
111111111111111 1111111111 11111111111 1111111111111111 ‘stud
op 11111111 11111111 11111111 ι11111111111111 111111111111 ι111111)
131111111111111111111111111 111111 11111 1111111111 1111 op 111
1111111111111111111 111 1311111111 ι11111 111111111 1111111 111111111 11111
-11 1111111111 1 111111111111111) 1111111111111111111 1111 ,11111111
-1111111111111 1111111111111111111111111111 111 11111 111111 1113111 111
111111 op 1111111111111111111 1111131111 1111111 1111111 1 1111111
-11 1111111111 111111111111 “1111111111111131 1 11111111111111111 1111 1
1111111111 1111111111 ι1111111 11 1111111111 1111111111 11111111
111111 11111111 11111111 ’111111111111111 ο111111111111111 ί1111111111
11111 1111111111 1 111111111111111111111 ι11111111111111 1111111111 111111111
111 111111 111111 111 1111 1111111 11111111 11111111 1111111111111111111
11111111111131 ’1111111111 111111 1111111 1111111111 11311111 1111
-111111 11111111111111 ι1111111 1111111 11111111 11111111111111
1111111 1 1111111111 1111111111 1111111111 1111 11111111111111 111111
1111 1111111111 111111111 11111 1111 111 11131111 1111111 1 11111)
ι1111111111 1111111111 1111111111 1111 [11111111 ι11111 11111111 1111 1

1 11111111 111111 ι111111 111111 1 1111111111 111111 11111111

Ι ’1111111 1111 111111111111111 ’1111111111
1111111111 11111 1111111111 1111 1111 111111 111 1111111 1111111111 ’111111
-1111111111111 1111111 ,111111 1111111111 11111111 1111111111 111111 11111111

1111111111 1311111111111 1111111 1111
-1111111 1111111111 1 11111111 ι111111 11111111111111 1 111111111111 11111
1311111 11111 ί111 111 1 131111111111111 1111· 1111111 1111 111 11111111

1111 ’1 ’11111111 1111111111 . vot Ι

 

