83· ‘X '¹21 ’9111οᾱ ΟῘΟΙΙΕ ’mmm 't
99999ρ 9999999999 999999 999999 99999999 ι999ρ999390 999 999999
ι999999 99ορ999999999 9999999 9 99999999 9999999999 99999999999
99ορ99999999 99 ί999999ροο 999999 999 9 999999ρο 99999 ρο 9999999 99999
99 9999999 99999ὀ 9999999 99ρ9999 ι99999 9999999 9999999 ί9399999999 ρ9999
9999999919 9999999 9999 ι9999999999 9999999 9999999939 9 9ρ999 99999 999
-9999999999999 ι99999991 999999 9 9399ρ 99999 ι9999999ρ99) od 9999999 9
9999999999 9999999999 99 99999999 999999 ρρ9 9999999999 ι999999 9
9ρ999999999999999999999999109999999 ι9999999 9999999999 99999999 9ρ9999
-9999999199999 9 9999999999 999999ρ 9999999999 93999999 9999 ι9999999999
999999 ρο 999999 99999 99999999 ι99999999 9999999993 99999 9 9999999 99
9999ρ ρο 99999999 (999999 9 9999999999 99999ρ 9999 9 999999 9999999999

9999999999 9 unfus 99999999 ,ΐοιῆρᾜῗιξπῖξῃίω pu 999999 99999999 ριοῖρ)
‘ntum 9 &suffla 99999 Mum ‘3303 ι ΰ99 9999999919 ‘mnsam 3 999999 qm
9999 99999 9999999 99999991 9999991 esau 999999 99999999 699999 99999999

99999999 ρρ9ο99 9 99991 9999 9939999999991 9 999999 99 ί9399999991 999ρ9999
’99999999 999999999 9999 9 9999 9 ιο399999ρ9999 99999999 ορ 9999 sponda
999 999ρ ορ 9999919 999 99999999 9 (9999999 99999ο9ορ 031 69999999999 9999
9 99999999 M 99999 99999 ι9999999999 999939 [9999999999 9 99 ι999ρ99
99999999 99 ι9999 9999 9 9999 99999999 9999999 &apos 99999 99, 999999 M
99999 999993 9999999939 99ρ 9999999991 9999ρ 9999 9999999 9999999999 93999 ορ
ι99999999 9399 noso 9999999999 M 99999199 99999 9999999999 99999993
9999999 9999 9 ί99999999 999999999999 M 9999999999 99999 (9ρο999 999
999999 9999999 99999999 M οοο999999ρο 9399999 99999 9999999 9999999999
-99919999 999 9999939 9999999999 9939999 999999ροᾶ 99999 9999οὲ999 99999 9
9999ρ ρο 999 999999999 99999999 99999999 999999999999 M op 9999999 9
99999 99 οοορρο 9999999999 99999399 99999 9 ι9999999999 9399999 99 02
999999 99999999 9999999999 9 99999 99999 9999999 ι9999999 999999 M 9999
9999 9999999 999 9999999999 9 9599999999 99999 999999 M 999999 9999
-999 9999999999 99999999999 M 9999999999 9 99999999 9999 9 ’9999999999
939999999999 M 9999999 ορ 999999 9 9999999 9999999999 9 9999ρο9ο999
999 93 999 (999999 99999999999999 ροο 9999999 9999999999 M 99999999
-99 3 999999999991999 9999999999 999 99999 999999 99999999 9 99999999
(9999999999 9 99ρο99 9399 999 ο9999 999 03 99 99999999 999999) 9999 9999
-999 9999999999 99999999 939999999999999999 9999999999 999ρ9
999ρ999 9999999 93999 9 (999999999999 99999999 ι9999999999999

999 mam ’99999

 

