1. 1317. 1111111111 11111111. 19

11111111111111111111, 11111111 111 n 1111111111 111111 1111111111 111·
111111, 11111111 omens: 11111111111111 11111111 wilhelm 111111 mum
11 11 11111111.

111111111111111111111111111 1111111111 11111111111111 1 11111111
(111111 111 111111 11111111111, 1111111111, 1111111111111111·
11111111, 1111111111 1111111 1111111 11111111 1111111111 8111111,
11111 111111 Β11111111 1111111111 Brzegskiego i Lignickiego
1111111111 11 01111, 111111111111111111, 11111111111111111. Ale
1111111 1111111 111111111111 11111, 1111111111111111111 18111-
1111, 111111 1111111111011111111, 11111111111111111111 81111-

11111, 11111111. 11111111111111111111111111111 11111111,11111111- .

111 1111111111· 11111111, 1 011111 111111111111 1111111, 11111111111111
11111 1111111111111111111 111111 (11111111 1111111 11111 1111111 go obelgi
i zniewagi, 1 11111111 (111111 11111111 1111111111 1111111111. 11111111 111
111111 01111, w 111111111111111111111111111111111111811-
111111111· 1111111111111, 1111111111111111111111111111,111111 011- “
1111 111111, 11111 11111111 1111111111 1111111, 1111111 11111111
11111 11 11111111, 11111 1111 1111111111111111 1111111111.

(1111 11111111 1111111.

’1111111111 1111111 11 (11111111 glad 111 1111111111111, 11
111111 11111111 111111 111111 1111111. 1111111111 1 11111 1111111111 na
1111111111111, 111 1111111111111111111111111 1 11111111 1111 1111111,
1 1111111111 1 1111111111 11111111.

11111 1111111111 11111111 (1111111, 111111, 1111 Κ11111 11111 111-

1111111111,111111Κ11111111111111111111111111111011111111 ,

1Β111111, 11111111111111111, 111111111111111111111111
1 1111111111 1111111111 1111111111 1111111. 111111111τοί Κ1111 1111111-
gierski 111111 11111111 1111111111 Beate, 11111 Η111111 1111111
1111111111, 111111111111111111111111011111111. 111111111111

111 11111 1111111111 11111111111111; 1111111111 1111111111 1 1111111111.

 

