530 1111111111 11111111.Ι 1. 1405.

11111111 11111111 111 11111111, 111111 Alexander 1111111, 1111111 1111· 2

11111111111111 1111111111 11111111, 11111111 1111111111 1111111, 11111

111 1111111 1111111111 1 11111111 1111111111 1111 111111, 1111111111 111111 1111-

11111 11 11111111111111111Κ11111111111 111111. 01111111 111 1111111111 111111-
11111, 1 111111111 11111111 11111111111111111Ρ1111111, 1111111 111
11111111 111111, 1 111111· 1111111 11111111 1111111 nimi 1111111111, 111111
, 1111111 1111111111 1111 11111111 111111. Do 111111111111 Alexandra
i jego 1111111111111111 1111111111111111111 1111111111, 1111111111 ,111
,111 111 11111111 11 11111 111111111 11111111, 1 11111111 1111111 1111
,111111111111 1 11111111, 111 11111111111 1111111111 1111111111 1111111111-
,11111 1111 1111111 111 11111111Κ11111111; 111111111 1111111111, 111111
,111 1111111111111 11111111111, 1111111111] 1111111111 1111111111 (11111-
,111111111111 11111111111111111 1111111111 11111111 1111111111,
,111111 111 1111111111111111111 111111 1 1111111 111 11111 1111111111
,1111111111111111111 111111, 11111111111111 jej od 1111111111, 111111
,1111111111111111111111 11111111.“ ’11111 1111111 11111 1111111 1111-
11111 111111 11111111 1111111111 11111111111, 11111 111111 1111111
1111111111111111111 1111111 111111, 11111111 11111111 11111 111 111111
’ 1111111111 1111111 Ρ11111111, 1 11111111 1111111111, 11 Κ1111111111111
1 1111· 111111 1111111111 111111111 11 11111111111. 111 111 11111111
111111111111111111111 1111111111 11 11111111, 11111111 1111111111 11

11111 1111111111, 11111111111111Ν11111111, 11111 11111111 111111- ,

1111111111. Do 11111111111111 111111 1111111111 1111111 Ρ1111111-
1111111111111111Κ11111111111 Κ1111111(111111111111111111111111
1 11111111)1111111111111111 1 111111111111. “

11111111 xl! 111111 111111 11111111 111111, 11111111 1111111, 1111111 v 1111
11111111111111111 :gony 1 11111111111111111111 v 1111111111 11111111,
1111 11111111111111111111111111 111 11111111.

(11111111 XII 111111 111111 11 111111111 11 Ρ11111 11 huna
1111111111111111, 11111111111111111, 1111 81111111 111111111111 1111-

1111 (111111111111 111111111111111111 S. 11111111, 1111 1111111111· 11 1

1111111111 011111111111 Ν. 111111 11111, 1111111· 1111111111 111 111111-
11111111111 111111 1111 1111111111 1111111111 11111111. 111111 1111 11-
11111111 111 1111111, (11111111 ΧΠ 11111 111 1111111 11111111111111,
111111111111118111111111111111 11 11111111, 1111 11111111 11 11111111
1111111 1111111 do Sieny. ’1111 111111111 1111111111, 1111111111111111-

111, 1111111111 Piotr 11 Luna z 111111111111111111111111111 111111 1

 

