111 mmm w. a. 1355.

,1111111 1111111 1111111111 11111111, 1111111111· 11111111111 1111111111111·
,1111111111 11111111 1 11111111] 1111111111, 11111111 1111111111 1111111111 1111 ·
,11111111 111111, 11111111 11111111111111111111111, 11111, 111111 111111111-
,11111111111111111111111 1111111, 1111111111, 111 11111111 1111111111 11111
,111111111111 111111111111 11111 tego, 11111111111111 111111111Ρ11111111
,1111111111111111111111111 11111, 11111111111111 1111111111 1 111111, albo 1111111-
,111111111 111111111 11111, 1111 111 1 1111111 111 111111111111111 1111111111 111
,1111 00 11111111111111, 1111 11111111 1111111111111111111111 11 1111111111-
„nego 1111111, 11111111111111111111 111, 11111 1111111111. 1111111111 111 11111111,
,111111111111111111111111111111, 1111111111111111111111 1111111111, 1111
,1 1111111111 11111111111111111111, 1111111111111111111111111, 111111111111
,1 11111111111111 1111111111] 1111111111, 1111111111 11111111 11 11111111 1111111
,1 formio, ,111 1111111111 1111111111 11111111111111111 1111111111111111
,1111111111 1111111 1111111111. Α 111111 1111111111 1111111111 1111111111,
,1111111111 1111111111 1 1111111111, 111111111111111, 1111111111, 111111111111,
,1111111111 111111111, 1111111111, 1111111, 111111111111111 11111111111, 1111111111
,1111111111 11111 nich 1111111111, 111 111 11111111111 11111111, ani 11111111
,1111111 1111 1111111 111 1111111111. Ku 1111111, 11111111 11111111· 11111111-
mosei, 1111111111 1111111111 1111111 111111, 11111111111111 11111111· 11111111 111-
,11111111111111111111 1 Β11111, 1111 111111111111 111111111 1111111111
,81111111 111111Ρ11111111 11111111111 11111111111111111111111111111111111.“

Κ11111111111111111111111111, 1111111111111111111111111-
111111111, 1111111111111111 11111111 1111111111 111111111 tynio: 11111-
11111 go 1111111111Ρ1111111.

11111111111111111111 1 1111111 1111111111

11111111111111111111111111 0111111111111. 111111, 1111111111 (Von-
11111) 1. Κ11111111 1111111 Ρ111111 1 1111111111ιί 1111111111 111111
1111111111 1111 1 111111 11111111111 11 111111, 1111111111111111 111-
1111111111 11111111 1111111111 1 1111111111. 1111111111 111111 1111111111
1111111, 11111111111111 111 1111111 1111 1 111111, 1 1111111111111 11111111
11111111111111 11111111 11111111 11111111, 11111 1111111111 1111111

111111111111111111111111111111, 1111 111 11111111 11111111 11111111 1 11-
1111 1111111111 11111111.

 

