134 1111110111 10111111. 1. 1331.-

011011101 101011 1111011110101. 20111111110111110110 1110111 1101101101
1001111 1110111101 11010111, 1 11110 1011111101010 1110110101011 1 po-
0111111 111101111101 01 11111111111011 1111111101, 1111111110 010-
= 0011110 1 1111010111 10111111011110011ε rzeozonego 1111110111 100101110
11110111110, 01101011011101010, 1110110 Κο1111111011010
(1111101101111), 1111 1011111111010, 1 111101110111011101111·
111111101011011010111111101,11101011101101,Ρ11011011Ρο-
10111101, 11110 1011101110111 1111 111110, 1 0111101011, 111 1010101111
110 1011010111 11011010101010, 1111110111 101101 1100111 110101111111
1101111110110101111, 1 1101110111 1110011010 10101011, 1111010 11111111
11101111 01101110111, 111 1111 1011101 10010111 11011, 1011011011111110
1 11111010110 Ρο1111. 1111101111 1011011, 10 010 101111111 1101111 10110
1111111010 0111110010 pora, w 111101 1101111110 1111001110 Ρο11110 101-
111110 111111 1 1110101111, 1 11110 Polskiego 111111, 111 011 111011 1110-
101 11111011011 1010111101. 111110 11111 11011111 1100111101011010,
11011011 1 11001011 100111, 10111011111110101101 1 1010111111111101, 111-
1111 1110001111 011011101101111 101111 1101110101Κ11110011, 1110-
11011 1010111 Ρ11011 111111 1101 Toruniem: 1 1111111111 sie 01
1011001011111011 Ku 11111101 110 10010111111 1101 1111110101 (1110111011
1101111 1011110111 1111110110111 10110 1 101 1111 1110111 11101111 w powrocie)
11011111 10 11011 1101101101, 1 1111110 11101 1111110 11101100, 111101
111101 11101110111 11101 111011 111101110, 11011011, 01110101 1111 potam
1011111011110 w 1010101011, 1111111110 1110 1 1100100110 101 110011 1010111.
Ζ 1101101101011110111 sie 1001111110 Ρ111101 pod Kalisz 11101111
10100111 10101 ; 01 11001011011 11110110, 111111 0110101, 111101 1111 dni 01111
010101, 01011110 101111 11110 1110111010, 11111 im 1 1011110111 (110-
111011 1111111 1110110011. 1011011011101101 100101110111, 01 Κο11110
1111111 101 Znin i (1110110, 110111011111111100111111010010110,10-
10101 10110101110111 (111011101011 1 1110110111 10 11010 1111100111οω
1111011, 111110111110, 11011, Ρο110111010, Κ10010, Κο1111111,
111101 1100100110 1101101110 0111011110101111. Ρ1011111 111101 110111 usil-
101011 01110 S. 1101010011 1 (11101110 010111111 11011111110101111.
1111111111 1110 1111111 11 1010101 (111011101111, 110 0111011 w 1011101,
111 0101111111010 10011111111 11111110 1111011 11010111, 1110 10101011
(111011101011010 011011, 10011111 111110 111011011 0110101011 10111·
11111οό11 1111111 11111011. Ζ (1110110, 10 1110110101 1110011010 110-
1011011, 11111 11 11011 1111111101, 0111011111 ku Uniejowu i 110111 Sie-
11111101, 101101110 1111111 1111100111 1 101011, 11111010 1 11010010 11011110
101111110110011, 1110111111111101 8101011 1 111101 111 1 111110·
11011 11 11111111 0110101011. 110111011100100110110111, 810101, 8101,

 

