111401. 1111111111 11111111. 511

111111Τ1111111111Β1111111111111111’11111111 11111, 1111111· ’
Τ1111111 1111111 11111111, Β111111111111111 1111111 11111111-
1111, 1111111 1111111 1 11111111.

nou 111111 1111.

11111111111111111111 11111 1 1111, 111111111111111111 11111111111111111111.

11111111111111111111, 11111111111111111111 11111111 1111-
1111, 111111 111 1 1111111111111111, i 11111111111111 1111111111-
1111 11111111, 11111 11 111111 11111111 11111111, 1111111 11 111 111-
111111 do Κ111ο11, 11111111 11111111, 11111 (1111111111111111,
1Κ111111111 11111 Polskiego 1111111, 111111111 Κ111ο11111
1111111111 11111111, 1 1111 111111111111111. Ζ1111111111 111 111111 111111-
1111 11111 1111111 111111111111111 111111 11111111 1 1111 1111
Anna, 1111111 11111 1111111 111111, 111111 11111111111111111 1111
111111 1111111111 11111111. 1111111111 11111 1111 111111111111111 111111
1 11111, 1111111111 111 1111111111111, 1111111 1 1111111 1111111111 1 1ο-
1111111111111 11 111111 Po 1111111111 111 111111 1111111111, 111111
111111 11111111 Alexander, 11111111 Anna, 11111111111 11111111, ¹
11111111111111, 11111111 1111111 11111 1111111111111111Ρ11111111
11111111111 1111111111, 1111111111111111111111111111111 11111 111111-
1111111111 1111111111, 111 1111111111 11111 11111 11111111 11111111-
111 1111111, 111 1 11111 1 11111111. ’

hupert 1111111 11111111, 1111111111111111111 11111111, 11111 111 1111111111 11
111111 1111111111111111 11111 1111111111 1111111111, 1111111 111 1111111

111111111111111 1111111111 1111111111 1111111 1111111, 11111 111111·
nico, 1 1111111111 11111111, 1111 1111111 1 11111111 1111111, 1111111111
1111111111.

1111111111111111111, 1111111 11111111 1111111111 11111111111111-
111111111111111111111 1011111111, 11111111111111111111111111-
11111 11 11111111111111111 1111111111, 11 11111111 1111111111 1111111-Ι
111111 111 111111 1111111 go 1 1111111 1111111111 1111111 1
111111111111111111111 111111· 11111, 11111111 1111111111111111111
1111111 11111111 Β111111, 11111111 11111. 111111 111 11 1111111
1 11111111111 111111111 11 1111111 111111 do 1111111 1111111111,

 

