100 , ' 1100101. a. 1386. ³

1010 1 0100101010 00010 Ρο1011011, nie 011000 01101 1011 J 0010110, po- 2

1101100110 0 1011 01011110 000010, 11010 01010 010 10000010, 1110010110 111

0100010 100110 1111011011 011101100101010101 00011011οΡ01011, 0010011 ’

111100011111011110111 101010010011001101, 01 100110 0001100110 11110111

01111110 10 10101010 0000110, 0 0100 00010110010011 1 0100010100οὴ pam l
0000011111 001000111011011010. 1100100110011100011101, 01010 111101 0 1111000

,1010100 1001110 10111100, 0 10010011 1 00 00100000111101011011, 111- ³
10111 101000 0011110100 010100 010 nie 00101010, nie 10000000010 10 10110010 ,

1001011101 1 0 00111111 0101001010 0000101010, 001000 0101001100· 01111000 001110-
0101 11110101. 10101000011111000, 1111101110 100000 11100111 1111101-
110 0 0011111 000010001011, 01101010 sama 1001111010 10 1100010 11110011. 1010
01010 01111000 0 1001000 00010 01001 1110 0000110, 0101000000 0101101011110

jej 0111100 001011, 0100110 1010 1101100010 je 00101111. 110101100011101000111 ’
0101111111 1000100 1101111110 0 110100Ι 0, 01001010001001101000 0001001111, ’

1101010 001 1111110111( 0110110000 010, 010 001110 0011110, 0011111101 010 potu·

jomnie z 1110100οἱ 011011 (10 11001101, 011010000000100100 tajemnioy ³

10110111110001011, 0 0000011111 00000 0101110 1 11001010 01011100Ι 00110 00-

011010000 01000001100011111000000 001101101οο00 110100011000, 11110
je 00110 0011111 0100010000001, 010 wilhelm 111010 010 ju& 0 nie 1110 000- ,
11111101. 1010 1001010000111101110110 1111011000, 00100101010111 11110000- ἢ
mia, 0001100011011000110 10111 1 1100011101οἰ, 11110 0011111 00110110 0000 3

0111011111 00010 1001001101010, 101 11 110 110001000 nio 010100010 1011 1111
0010101110.

non νώιι( 1111.

1010110011ιί0 (11 1111011 0 011110 0110110110, 1 1111011 1111100 001011

0111110110101, 010 (00 11001100111001 10111000· 11111 101100. sm 011

10010110 01011101 (11111111 1111111000 11 0010 0011111 1 01100110 moja, 100
111101ιο 00001111 1111000, 11111100 1101011010001111

10010110 010111 101010 11100011, 0011100000 010 0 0010 0100011
1001όο 1101001011 1010110οο 101111110010 11110000Ι J 010101, 01110010
00000011 1 1100110111 10010 0100011011, 0110001000 00010 0000 0011100000 0111-
1011111100110000111100100101001010, 010000011101000010 10 101011. Ρ10-
01101110000010010 Ρο1000 0001011 01000 11111110, 01010 0 (1100111111
11110 0110011, 0110 01011 0 0000 0110010011 10000010 010 0010110 11110100 pa·
111111. 1111111100 101110 1 11011010 01010 0111101 010 ku 11101000. Nic
01010 011110 Ρο111101( 0000011110 1110000 000110111οε 0001111100 0010111,

 

