262 1111111111 w„ 111361.

„i 1111111111 1111111111111111111111111 111 111111111111111111. 111111111-
,1111111111111 11111 111111 11111 11111 11111111, 1111 1111 1111111111
,11111 111111 111, 1111111111 do 111111111111111111111, maja 111 11111 11111
,1111111111 1 1111111111111 11111111. 1111111 111 1111 11111111 1111111111
,11 1111111111 11111 111111111111111111, 11111 1111111111 1111111 11111111
„do 1111111111] wynagrodzenia. 111111 1111 11111 11111111 11111111 1111-
,1111 11111111111111111111, 1111 11111 1111111111· 111, 1 1111111Ι 11111111·
,1111 11111111 1111111, 1111 11111111111111 111111111111111111111. 1111111,
,11111111 1111111111 11111 1111 1111111 1111111111 111111 1111111, 11111111, 11111
,11111 111111111111111, na 1111111 1111 11111111 tego 11111111 ma 1111 111111-
,111111 1111111111, 1 1111111111 111111 111111 1111 1111111111, (1111111
,1111111111 nie 11111111 11111111 1111111111. 1111111111 1111 sie 111 (111, 1 111 1111

· ,1111111111 1111111111 1111111111 1111111111, 111111111111111111111111

,11111111 nie mogli, 111 11 111 11111111 11111111. 1111111111 11111111 1111111111
,111 1111111111 1111111111 1111111 111111111111, 11111111111111111111111111-
,11111; 11111111 11111111 go 1111, 1111111111111 1111111111 1111111111,
,111111 1111111 1111 11111111 1111111111. 1111111 111 111111 1111111111 1111
,1111111 (1111111111 1 11111111 11111111, 11 sie 11111111, 1111 111111 1111111
„S 11111111 111111 111 111111 1 111111111111111 11111111111111111111111
,1111111111111111111 (1111111111, 111111 (11111111 111 111111 11111111
,1111111111 1111111, 1111111111111 1 1111111111 11111 1111 11111111 11111111
,111 11111, (1111111111 111111 111111 1111111 1 11111111111111111111, 1111111111
11111, 1111, 11111111, 1111111, 11111111, 11111 11111111 1111111, 11111111111111
,1 1111111111 111111 1111111 111111111111 11111111, (1111111111 od 11111 (1111111
,111111 1111111. (11 (1111111111111111111111, 111111111; 11111111 1 11111111
,1111 11111111 1111111111, 111 11111 111111111 ma 111111 1111111111, 111 1111111
,1111111111 111111 1111111 11111111 1111111, 11111111 1111111111 1111111111.
, ,Κ1111 111 1111 111111111 (11111111111), 111 1111 111111 1111111 1111111
,11111111 1111111. Α 1111 11111 1111111, 111111 111111 1111111111· (1111111111.
,1111 do 1111111111 1111111111, 1111111111111111 11111111 11111111 1111-
,1111111 1111111111 111111111111111 11111111 Κ111111, 1 11 1111 111111
,11111111111111 1111111 1111111111 1111111111 1111111111111 111 1111-
,11111 1111111111. 8111111111 111111, 1111 kwregokolwiek 1 1111111 11111-
,11111 111111111111 11111111 1111111111 od 11111111 11111 1111111111 1 11111111,
,1 1111111 11111111 do 11111111 1111 na 11111111, 111111111111111111 ma
,1111111111 1 11111111 1111 111111 11111111111111111111111 111111, 111 111111·
,111111111111 11111111Β111. 11111111 innomi 111111111 1 111111 1111111111,
,11 1111111111 11111111111, 11111 11111111· 11111111111 11 1111111111 1111111·
,11111 11111111 1111111 111111 1111111 1111111111· , 11 11111 11111 111111

,1111111 11 11111111, 111 1111111111οέ1 1111 111111111111111111 1111111111

 

