⁴ 61310. · 666661. 311¹

i 6666616161611611166 6166661661. (16666 616 661 6666611616 6161611, 1111
161611 66661661616116 611616 6 Κ6616161666 1616166166 86666-
61161116, 161666 66, 616 616616116166166 (11661666116, 661616611
6166 666161 16166661666161661666 Κ661616166 11116 Ρ61611666 jemu
6116666661. 116 Κ661161616 161616 86666611611 616616161616666116-
11666 6616616, 6161666, 16 1116166166 Β1616 161616 (16166166611,
syn Κ661616166 161666 666616161616, 1611666666, 6166161 61166616166
6661161616. 116616 1111 1661611 6666 66161 616111 61161, 6616166 66
1616616616116616116, 1616161616616166611Β6166611, 111616166-
611 1 11616611, 66 66 16666666 Κ66161616 161166 6161616 616 6661611.
1166161 1661616 1111 1661611, 16 616 66166 1616 166 61616661666616166
6161666661 Κ66161616661 161616616 166666116116166 66666111611616616
6166611116 Κ661616166 6661666661, 616 616666611666161616661616616
616 6616611616 66116, 6166 6661666 Κ61616 6666166 1666611666 111111
1166611666, 11116 6161 666616 11111616, 61661161616666 Κ661616166
116161661686666611611666,·61111666116161166161666, 1666 616666161-
6616 616666 6111661611661 1111661 1166161611666 6 666116 66-
161666. Po 61616616 66116 161661666611666661 Κ661161616661 161616616

Ι 86666611611666, 6 6616616616 6611661116 666166 61666666666666 116 66-

616 6616666661Κ66161616611116,616611166161611666, 666661-
1161666666166 6666661666 -61666 11116 1661616166 6166 1616161, 6166
6666166666 6166666616 6616, 666166661666 6166616111 16616116, 1611616161
61616116 66616611, 161616 6161666666 1661161166. 16616616 61611 116161-
16 111161166161611666 6616 6 6616166 66616 616 661666616 16166166116
1616 1 1616, 6616661666 166166 6 6616661 616661666616 16 66611666 1111661
6161616661 je 6666116 116 1616116 1611161611666 16666611116, 11116
6161666166616611. 1166161616 6166 6616166611 616 1666 166166, 166666
6166166666 66616166661666 6 161 161166 1616666666 6666. 1116 66166616 66
616 161616616616616, 1616666· 1666666 611 66 666166116 6616116666 611616
1116111666 11116, 11116 61616666 111166166 6661661 1 661661 661616661, 1 616-
61 66 666616 1 66116 661661611166161, 6 66 616 66161666 1616 6666 661616,
6666611116 616616 1 6611616666 1616616 616116 1666161666166. 1116616161
6161111616, 61661666, 616661 1611666 661166616611666 161 6161616 661166161
6616, 16 66 61616 616 61616116 16661666 1616116 666616661161616666666 6161-
16161 66166166. 16161, 116 66166161116661 1666 66166 1 61661661, 161616661
1666661666 116 11666 666616, 66616666166611116 66616166· 66 666166161,
611 66116166616116 66 66116661 16666. 861666 161616161 6666661661 66-
166166, 6616166161 666616 6166166661 1 666161666116161 61661 6161166166-
11666161 1166616161611. Β616661116161616611 666116, 66666161616161 666-
1166116611 6166616611661616116611666 66666 111111666 16616.

 

