1. 1353. 1111111111. 231

’ 111 11611 16161111161111111611 1 111611. 116111611111 161111 1116111111·
111111, 116 111611611111 11611 Ρ611111 1 11111111 11161161· 116111 161-
611 (1111111 11111111, 111611116111111 1611611116 111111, 1116 1111111161
11111111)1111116 116 1611111111 61611, 1161111111 16 111111.

11111111111111111111 1611111 1 1111111116 11111111 11111111111111111.

11111 111111611616 11611111 0161161, 1111111111 1111161111, 116-

1111161116Κ111111611111111Ρ61111616, 1111111111111111, 61111816-
111111111Β61111, 1111111 11116 Η111111111611, 1116116111161161
11611, 1 11 161161611611 111111116111111 1111611116. (1611 1616116 61111-
11116 111111 11161111 11111116. Β111 1166161111111611, 1611 111111-
11, 1161161111111161161111Κ111111611111111161111(1111116116,
1111166116] 1161111 11116161 11116111161, 1111161111111161, 11611 po
Κ11611, 1 1111111 111611111 61111111 1161111 1111611111111.

111111 1111116 1 111111 1111111 1111111111, 1611111111111111111111
1111111.

1611116111 11111111 111 11111111116 16111111, 1161611 11111 116-
111116111111111111 1116111 S„ 1111 11111 1111111 116 11111111 1 11111 111

“ 1111111111111. 11161161, 11611 1 1161111161111111, Κ1161111111111161

611111 11111 1111111111 616111, 1111 11111611 11161161· 16111161111111116
111 1616116111 1 1111111111 1161111 1 11611, 6116611111 116116161116 11116,
11116 61111116 111 1161161116 1 11111111 1111111 1111111 po 111161· 111 6161-
116, 111111 1161161111116 61161116 111611, 1111116161611116, 11116 61111-
111 1161111 111111111 116116 Ρ611116 116111 11111111, 111611111161111
16116611 161 11111611611611, 1161661116111111 11111, 111111161116111111,
611111116111 111, 111 11611 161 111116111161111161111161111 11161611
1111161616 1 1111111616 116 1111611111. 1161161111111611161111116, 1116111111-
ni 111116111611111111111111611, 1 11161611 1 1111611 6111111111 111111116-
1611 1116 1116111, 1111111611 Β111111111611611111611111111 11 1111611161.
Α 66 11111116111 1 16111111 1111111 111116 1111.111111111111111,11
0111111611Β6611, 11111 1 11111 116111111611 1 111611111, 11611111611116
1161116116 1 661111 11111161 6161111611, 11166 111 1161111111, 11111111
1 1611111 1116616611. 111616 1611611111 11111116 6161116111111111, 11611116
116116111611116, 11116 pod 11611 161111, 116 1616111111111611, 116Ι 6111611
161 11116111 11111 1611 1116111 11111116 111 111111161111111116111, 16

 

