611110. 6666666666 66666666. 121

166166 6616616166116 6666116 6666116611, 661661166666 116611 1 6616616 166-
166661616, 16161 Ι166666616666666, 6166666161666· 6616. 1111116116 1611666
1166166616, 66666666 616616 16666 16616661 666611 66 6616· 66616661
16116 1 6161166616, 66666 1616 1611666 1111616 (11111666), 66 6 666616
Ρ6161166 666666 166 6611. 1161616616 661 1661616666, 6611616116 Ρ61-
611666, 6616166166 161116 16666666 6666616 Β61666661116. 0661616666 616
6 61611661 66616166 6661666 66616616 6661666 6161666661 Η166661616161.
1116 1661666 1161661 1611 116116 61616 1611666 1666161611666
16611 66166666 666166 1661666 666661611, 61166611611666 6666 6666666
166116 6 66166 661 6661611161616166666 6166 dni 616616166666661 66-
166666 1 661116 666161, 66666616] 11616616 6616 666616 Η16666616666-
666611ε 6161 66611 (16116, 661661666 6666166166661 w 1661, 11666616
1 116666, 666661616666 661661616 616661666166 16 666116 1 6661616 6666-
616161666, 666666611 66116666166116. “

· 11661 1611 1166166611 66166116666166666666666 6616661611616611666, 616 66-

1666616666166661 61666 11666666166666116 66616 6666161 616 6166, 661·

616661 6666161666 1116 666661 116616, 16 6666 6616166 6 11116 166666666661
661666 616 66166616.

Κ66611611 11661666116611666666 6666661166666 166166 6161116-
go 616666661616, 66661166166666· 6611 1 66666616 61666, 616616 6161116,
666 6161611666 66666666, 1616666 krajowi 6661666 61616661666616166. Za
6616166166 1 6666666 16161 1666616, 16666666 66166616 8161616-
6661611666 1 16661666666, 66666666616666666166616 661 111616-
666, 6616166666 1666661661 6666661616116166116666, 1616666616
66616616 6166· 666616. Po 61616616 6166166616 8616666 (Severinum),
11166 6611616 6161666166666661, 6666161116 Κ66616 66616616 Β666-

, 6616 6 616116ε ,616 66616616166166, 1611666166, 16 Β666661 6661661 mu

,616166 1661666 66666166 666166, 1 8616666 6661661 6611666 616166, na 66
,6666 61666666 16661 66 6611616116, 6 6616666666, 16161666 66161 16616
,6661666116 16116 16666 666616 66616161 6161666166666.“ 1161111 Κ6-
661 161 6166666666 1 6616666666 666616166166616616661616166666, 66666611
,16 Β6666616 jak 6616666 6 61616116 1 6666166116 666161 6 6161666 66
„brodo maleae! 11616 66166 161166666 6666111 go: ,616166616166666161
,616661611 6 6166161 66 mu dawan0‚“ 61661616166661616 6616661666616616
6616166616161 666666· 66616611, 1666 666666666 16166Ι 6 66161166 166 66616·
166616 6166 166166 1666661166616 616 61666611, 6666611 61166, 166166166
1666 1 66616616616161161611 66666 161 11116, 66166 6616161 616 66161

 

