1. 1111. mmm. Ὺ 111

unm 1 [1111111111111111111111111 11 1111111111 1111111111111111111111,
1 mavia 11, 1111111111 1111111 111111111ῐιοιοο1ς 1111111111 11 ningo
111111 11111 1111111111ιί11 opum& :mk 1111111, 111 1111111111, 111111
borion 1111111111 1111111111. 1111111 111111 1111 1111111111, 1111111111
11111111 agnum, 1111111111, 111111, ,11111111 1111111 1 1111111111, 11111-
1111 11111111 11111111, ablega, i 11111111 go 11 1111111111 1 mu

Bartosz 111111 1 Κο11111111, (11111111111111111101111111111111,
11111111111111111111111111111 11111· 111111, 1111111111 111Ζ1111111111 11111·
11111 11111111111111, 1111111111111111111 (1111111111111111111 Ρ111111 j;
1111111111 swoje 11111111, 11111111 111 jego 11111111 11111 1111111111 011-
11111111111 1 1111111111111111111111111. Ρ111111111 1116111111 111 1111111
1111111111, 11 1111111111 1 1111111111, 1 1111111111 2111111111 1111111111
11111111111111, 111111111111111111111111111111111111111111111 1 tego& 11111,-
11111 1111111111, 11 11111111 S. ’111111111111111111 11111111 Κ111111 1111 1111111Ι
1 1111111111112111111111111111111111ῃί 11111111 1111111111111111111. I 111 nie·
11111111 11111 1111111111, 1111111111 1111111111111 1 1111111111 111111, 1ο-
11111 1111111111 sie 1111111111, 11111111 1 nich 1111111111πί1 11111111 111 1111111111
111111 1111111111, 1 1111111111 1111, 11111 wywieroonej 1111111 1111111111·
111111111111111111111111111111111111 11111111, gdy 1111111111] Β111111 1111111-
111, 1111111-11 11111111 1111111, 1111 11111 11111111· 11111111 1111111111. 1111111
1111111111 111111 1111 11111111, 111111 11111111 11111111 do 1111111111 1111111 1111
11111111 1111111111 1 1111111111 (11111 do 1111111111, 1 111111111111 w 111111111-
11111, 11111111111111 1111111 ku 11111111 11111111 1111111111111111, 11111111
11111111, 111111111111, 1111 11 1111111 111111111111111111111 1111 111111, 111111
1111 11111111, 111111 11111111 111111. 1111111111 111 1111111111, 11 1111111111111
1111, 1 11111111 111 11111111 1111111111111, 1111111111111111 11111111 1 1111111,
1111111111 ju& 11111111 11111111 1 1111111111] 1111111 11111111 11 11111 1111111111
11111111 1111111111, 1 1111111111 0 1111111111 1111111111111111111 Η1111111 1111111
1111111 1111111, 1111111 11111 11111111 11111 1 11111111 1 1111 Β111ο11
11111111 ludam 11111111 11111111 1111111111. [111111111111 1111111111 1111111111,
111111 111111 11 1111111111 11111111, 1111111111 111 1111111111111111111111111111111.
0111111111111111111 1111111111 Κ1111111111 11111111, 1111111 1111111111 Β11-
1111 11111111· 1111111111 w 1111111111, 1111111111 11111211111111 11111-
111111 Brandoburskiogo 1111111111, 1111111 11111111 1111111 1 1111111111.
Ζ11111111111111111 111 pod 01111111, 111111 dom 11111 Κ11111111111 111111
1111111 1111111111 1111111111 1111111111 1111111111 1 11111111111 1111111111
most 111 11111 Ρ1111111, 1111111111 11111111· 11111111 1 11111111 1111111111, 11-
11111111 11111 Zygmunta 1111111111 11111111. Ale 111111 11111111 111111,

 

