0. 1382. , 000000. 385

Gis vitam v 000οι060ἰο hiemi 00000006, iona 000οο0600 00 za 0000100000,

000000 000010 00 0000000010, 0 0000000000 0000 z 00οι00000. 0000000000

0000000 000000 00 0000000 0000000ἱο 1000000οἰ000, 0 00000 00 00000000 Pm-

000000, 00 0000000 z 0000000000 00000000, 00000000 0 0000000000 000000 00

00000 0000000000. 0000000 0000 0000000000 00 00000000 00000 000 00 00000
1000 00000000,

000000ἰο000 0000000000 00060600 0000000600 Κο6 000000, 0000060000 J 0-
006000 00000 0000000 00 0000 0000000060, 0000000 00000 0 000600060ἰο 00-
0000 0000 0000060000 00006000 Wo j d 000, 0600 0000000000οο 0000060000 0 000600.
000000 000000, 0000000000 00 000006 0000000000 0600 00000, 00 0000 Widy·
munta, 000000000000000000000οΚ060000006 0000000000000, οΒ0-
000000 00000000 00600, 00000000 sie 00000060 wo 00000, 000600 000000 00000,
000000 00000000. Κο0000000 000 00000000 0 0000 0600 Anna 0000000, 000
000000 000000 0000000000, 0 Κο6006, 00006 00600000 0000000, 00000000
0 00000060 00000000 0 00 00000000 000000 00060000, 006 00000 000 00000
0006000000 00000 00000 0000 00000006 Annio 0 0000000 innomi 00600000οπιί
00000 0000 00 00000 00 000 00006000οἱ0 0 0000000000 0 rana. Gdy 0000 00-
060000 000 00600, 06 00000 0000 00000000 000 sam los 006000 60 0 0000
0060, 10000000 000000, 00000000 00 000 0000000000 00000000, 0 0006000000
sie 0 00000 060060 000000000, 00000 0000 0000000000 00060000000, 0000-
000 000 00066000. 00000000 00 00 0000000 0 000000 000 mu 000000000 00-
00; 0000600000 00 0000600 (0000000 0000600 Anna 00000 0 00060 00600000
000000000 0 0000000, 000 0000000 0000000000 00000000) 0000600 0 00000000,
00 0000 0000600000 sie po linio 0 000000 000000, 0000000 00 00000 0000000
000060, J 000000 000000οἰ0 0100000600000οε 00 0000600 00000000, 0000
00060000 0060000000, 0600000000 0 10000000ιο 0000000, 0000000οΙ 00000 00-
00000000 00000 000060 ; 00060000 0000000000 sie 0000 00060 00000000, 000 go
000000 J 0000000 006 000000, 00000000 000 00 Ρο00, 00006 mu 0000000 Pru-
ski Konrad 000 0000000. Za nim 0000000000 000 00 Prus 0000000 00060-
0060οἰ 0000006 0 0600 000010000 000006000οἰ0, 0000000 0000000000 0000000000
0000000, 0000060 Anna 0000 00000000, 00000 00006000, 0000000000000
sie 00600 00060000, 00000 0000000 0000 000000; 0 60000 0000000 000 0000000-
006 000 00 00000000 000000000οἱ0. 0000000000 000 060000 0000000 Pruski
0 0000 0000000006, 06 000 0 06000000 000006 00 0000 sie 0000, 00600 0600006
000060 0001000000 0000 0 0000 000000 00000000 000060000οι00 0 0600
0000 0000. Mimo tego 0006000000 00 0000000 00060 0000000006 0 0 000000000-
0000, 00060000 0 nim i 0000000060 0600 000000000000060 00000 000000,

J. mum. 0010000 Pom Κι. x. ⁴9

 

