222 ’ mmmm w. 121350. ,

[22121222 1211 12121221212222112221222 w 122112, 22222121 22222 122222
1121222 [2122211222.

’1122212212 1221221222 1221 121211, 2221112222 212121222 2212122-
1212,121212222112212122“222, 1211222122 221222 1122122222 2 1122112
221 12212222, 21 22222 22121221212 12222 2 1122121121 12121222
Κ22122211222 2222212, 212 121 1212212221 2212122222, 2 2222212212
1 12212221212222121222222221211 22222 2222222222 112221222 21 212222 22-
121212222 122122221221 221221. Κ21212112112 22222212111211221221222, 22-
22222222 21 212121212121222· 22 22212212 21 12 1212212 2221221221, 1121
22 2122 2222222222 121121 2212222 1 2122121212.

non mium 2222.

1112121 12222121211222212222, 212 1211 22 2222121222 21221212 2222121222
12122221 22 212112 212222221212.

122 222221222212212222221211122, 12122 222221, 221 mu 2122211222
12212 1 112 2222211121 22212222 212222 1 2122122 2221222122 22 1112221212
12222222, 211222222212121212Κ22122211222, 2 2221222 Κ2212212-
222 12212 121211222 12122222, 1 22222222222222 2222· 22122 21212112
222222222222122121221212222, 212 1 22 22222121121121211, 22122-

, · 1211 2222212 21222 1222222 21222221221212, 212 w 1212 2221211212122121

2212222, albo 2 21222122 boju 2211212222222 22222 212212, 1222 2 22121222-
2221 1 21221212211212 22221221 222211222 2 2222222 21212222 po 121222212
2212122. Tago& samego 1221222 1212, 2 22112 1221222222 22222, 1112121
22 111121222 2221212211 122122122 1212112; 2 2222221 2122212 12122212,
22112 1121222212, 222212121 122122122212, 2122221212212122212112221
’222222 2222111211, 2 222212122221122221 12212122 2221222122, 222112 1 12-
21212, 2222221222 2121222 2122212221 obojej 2121 12121221 1211222212 2222·
2212211 12121122. 12222121222 22212212, 22212 1222212 2221222222, 212122
2222222221 122122122 1212112, 1222122 121 2222221112 212121 22222 12111222
21222122212222, jak 2212212222 21222, 1 2222121212 22222122. Α 1212 22122112
1. 2222222 121222, 21222221 12221 22221221, 2212222222 12122122221 212222,
22212211 2222212 nim i 2 2222122222212 1212221121222112212, 212 12 221212-
222 2212222 1222 1 22222212 2 2122212, 21212122, 21212222, 2222222121 1 121221
212212212211211122212 2 122222222212121222 121222 222112 2122221211, .
’ a 1112121 2122222221 2222122122, 2122 drogo 212222 12212 21221222.

 

