 

42 1111111111 11111111. n. 1310.

111 ,11 1111 11111111111111111 11111111 1111111111 1111111 111 1 1111
11111111111111111111111, 111111111111111111 111111 11111111111 11·
111111 1111111, 111111111111, 11 im 1111111111111111 1111111111 111111
(1111111 111111111 1111111111, 1111 1111111 111111111111 111111 11111111.
Ι111111 111111 1111111111111111 1111111 1 1111111 111111, 1 1111111111111
11111111111, 1111111 1111111111 1111111111 111111, 111111, 11111111111
1111111111, 11111111111111111111111111 11111111 1111111111
111111111111111111111111111111 11111111111111111111,11111·
111 (111111, 1111111111 11111 111 111111111111111111111111111, 1 1111
11111 S. 1111111111, 1 1111111111111111111111111111111111111111 11-
1111111 1111111 sie 1111111 zgromadza, 1111111111 1111111. 1111111111
1111111 11111 11111111111111111111111111111, 111 1111111111 11111111 11-
1111111 go 1111111; 111 1111111111 11111 111111 1111111111 1111111111 1111-
11111 1111 111111111111, 111111 1111111111 11111111 Κ1111111111 11-
111111 1111111 11111111, 1 1111 1111111 im 1111111, 1 111111111111111111111111
11111 111111 1111111 1111111111. 11111 1111111111 1111111, 11111 1 11111111
“ 11111111, 1111111111 1111111 1111 11111111111111, 11111111 lud 111-
1111111 1ο111111111111111111111111; 11111111 1 1111111 nie 1111111111-
111, 1111111111111111111111111, ani 1111, Ι111 11111, 1111111111 11111-
111111111111111 11111111111 111111 1 1111111111, 111 dlatego, 111 1111111
111111 11111111 1111111111 1111111111, 1111111111 1111 1111111 1 1111111111
111111111111 11111, 11111111 111 po 1111111111 11111 1 11111111 111 1111111
11111111 im 1111 111111111111111111. 11111 1111 1111111111 1 Ρ11111
Ι11111111 11111, 111111 11111 1111 11111111 1111111 11111111 1111111111 1111
1111 1111111111. 111111111111111111111 111111 1 111111111111, 1111111111
11111111111111111111 111 11111 111111111 Ρ111111. 11111111 11111111
111111111111111111111111111 sie 11111111 11111111111111 11111 1111 1111111-
1111111111 111111111111 11111111 sie 111 11111. 11111111 1111111 1111111
111111111111111111111111111111111111111111111111111 111111,
11111111111 1 ningo 11111111111111111111111, 1111111 111111111111 1111111,
111111111111111111. 111111 111111111111111111111 11111111 1111111,
1111111111111 11111111, 11111111 1111 1111111 11111111 1111111111,11111
11111111 11111, 11111 Ρ1111111 11111111111111 11111111111111181-
111, 1111 1111111 11111111 11111111, 111111 11111 111111 1111111111111
111111, 11111111111111111111 1 1111111111111111 1111111111. gardia
1111111111 1111111111 111111 1111111111 111111111111111, 1111111111 im 111111

Δ 111111111 11111111 11111111111111111111, 11111 11111 1111 11111111, 111111

111111111 1 111111, 1111111111111111111111111 1111111.

 

 

