32 000000οΑ0 0000000. 01301.

0110100100 1 0101 0010101000 0011001010 1011001 000001111000000010 (1101001,
1110101 00011 1100101000 01101011 110001, 0110010100 010 0100001001-
0111001010 00 01000 0001001110 Βο001010001101, 101001001111 101
0101001 1100000010, [0010000111 101101 10 010010. W 101110 010101100οο1-
0101οΒ010001Βο00000) 0010101010000111 010001011101011,0000
0 11100100, 1110101000οι, 101010100000110010010001 1 0100111οἱ001
1000001101, 11101 0010001000 1001001001 00 010000 00010 1001110-
gli, 011000 010 0000001 0010010010, (10101 0101001010 001010101010 00
010110011000101 00101010, 1 01010 10010101οἰ0 010101 0000001 010101-
100111, 1010 00001 010101001ου 1 1000000 0101000100 (1101000000), 000-
1010000101100000000 00110, 000111000010010 broni, i 0000 0 0101 po-
01000011 0001010011 1010110010 1101101000100110110, 1010101110 gro-
0110 01010011000010100 11ιο 00010 1000101110 01001 Pruskiej 0000100
1 00000100, 1010100 0101 0110 00010 0010000010 010010. 111 0100010001
1001000001011100101101 0001011, 10001000 0110111 01010001000010100, poru-
001000100001 (110101 10010 0 00010101 0100001001, 000 001 00100001
0 001010100οο 0 00010 0010100000 rodem 1000001010, 0000101100 1100100,
10 101010010 1101101000 10110110 0101 01010111110 0111011110-
000101. 1011 go 01011010 8001001000, 11010 0010 0000 101010 000-
11001, 1 0001010011 00 00010110 101101010, ,0101110 11110101000100001-
,01010 11011 100 00100101 po 01001001οε10 11101010 00101 01001 Ρο-
· „morskiej‚ 0101001000100101)0100011000101001000000000110100 ’
,10001000 1 1010 1001 1010000000101 0001001110 Βτο0101000110111ε
0 000110 1 100101 1010010 100011 1 0010001, ,011 101 100100100101101
,010101 010 1 000101, 01100000, 010001 00000οἔ 1101010 Polski 111011·
0100, 001 do 101010010 01001, 10101000 001010 1 0000001 0011, ’ 01110010-
10101, ,10 1001101010 000 000111010 10 100111οι01 101 0011001001 000010001.“
1000 111 00 0000001 0001000101Βο1000 i Niemira 1011 1000110101, ,10
,10010111 00110 00001011, 01111 010 10100011 00101000 10010000 Pru-
,01101 10110110, 0 111010 00 10 0000 101110 111 0010110101001,
,0101000010 1010 000001 011111 0111 10 01000010 010101100111, 00 Κο110-
,1001110110 010101010 0001010100 10 01011110 101011 00101010, 01000001
,0 1000010100 00 Ι1ο 1100111, 10 01010 100100 1100110110, 11101 0 01010
,01110011 10100101, 1010101010101010101 1111 0010010001, 0101010 1010-
,οἱοο 1110110100010110110 001010, 1 111011 11110 0000101, 0 010-
,0001 10100110 000100 go 0010, 0001010101οΉ 000100 0011 101 0000111010
00001011 00000010 10010 0001000100 0010011, 0001010001, 10 0001111, 1110011
110 0110010101 0101000 100100 00 1110 00000011, 00010101 00 01010 111101
,11011001 10010010. To 010010 000110 Ρο00001101 01010 010 1101010010 1
1010 001000 1 1000010 11001001 01010101100010010; 0101-,10000100100010

 

