386 11111111. 11 1181.

1 0111111110, 10 11111 11101111 110111 11111111 1011111111 1 111111 11 11111111
11111111011111111111. 1111111111 111111 1111011 1111110111 111111111110·
ne 111 101111111110 1 101101 1 1111111011 ’01110111 0111111111 111 11101011
1111111101111, 10111111 1111111111 111111111111110111 1111111 1 101111-
111111111 1 11101111 1111111111. Ρο1111 111111111110111111111 1121111111,
111 111 11111111 1111111 2111111111, 11 1111111111 1111111 1111011111,
0111101111 0101111111 111 10111, 11111111101111 111 11111. 1111111111 mu 11-
tem Zmudzini‚ 11 1111011 11111111 11111111 go 11111 11011 1111011,11
1 111111 1111101111111111111111111111, 111 1111111111 11101111 11101111
11 jego 1011111. 1111 111 1 1111 1111111 11111 111 11110 11111111101011,
111111 111111 1111111111 1111111111 1011111, 10111111 1 0110111111 1111111.
To 11011111 1111111111, 1111110 1111011101111 011 1111111111 111011 1 111-
111 1111111111· 11111011 111111111111111111, 111 1111011110111, 11 1101111111
11110111 1111 111111111111111111101111011, 111111· 110 11111111 111 11101110.

111111 1111 1111111111 1101111 1110 1111111011 1111111111 11111111ηῆ011
011111101111111 11 1011, 0111111110 111 1101111 11111110 1111111, 1 111
1111101 1011111 1111111 10 111011111111111 1111111011 1111111111 11111·
11011111 1111111111 10 101111 11111111101111011 1111111111111111111
111111 11110111 1 1110111011, 1 1111101111 1011011 1111111111, 1 1 111
1111 111111 111111. 101111 1111111111 11 11111111 111 1111111111 111111-
111101110 0111111111 1 1111011111111111 1111111, 11111111111111111111
’ 011 10110 0111111

11110111 11111 do 111111 10111111, 011 1111101 11111111 1111110·
11110. 1111111, 11111111111111 1 Ρο1111, 111111 11 go 1101111111 1111
1111101111, 1 1111111 01111111 10111111 111 01111 11111111 1 (11101 11111110·
1111, 11111111111111111111111111 Β1111101111111110, 1111 1111011
11111111111111 11111111110111111 1111111110, 1101101110 11111111·
111111111111, 0111Βο11111111111111118111111110, 111111 101111
11111111, 1 11111, 101 110111 11101111111111 1111111111, 111111111111 mal·
1111110 11111 11011 1111111 11111, 111011111111111111110 Pol-
1111 0111111. 111011111111111 11111011 Ρο111011 11111111 S. J 11611
111111 111111118011111(10110)01111 Ζ101111111111111111 1111110
Κ111101, 11111111 1 11111 Ρο1111011, 111111 11111 11111 11111111,
1110111 do 1111111111 11111111 11111111 Β111111111111101111111
1111011111 11 1111111111 11 11111011 1 1011111111110. 00111011 111111
10111111 11111 11111111 11111111, 111111 kral rzeczonogo 1111111111
1111111111 1110111111 1111111111 Polskiego i 111111 1111111101, 111111-

 

