11. 1310. 1111110111 1011111111. 41

,1 1111011110111100111, 1111111111 1101011111101 1110 111110111 1011,
,1 1011011 100101101 1 8101111 1111011; 10 1011111 1101010 110001 11101
,1110111 11111111 110 111111, 101 1111010 1 1111111 (1111110111 1011 1111111
,10101011 1 1111110 11111010110 010 1101101111.“ 1110101110 1111110111
1101110101 1101101111 11100111101010111 11010111 01111111, 10 11 11011111-
1111111 11111 11111 1101101111 1 1111111011, 111111011110, 10 0011 0110111
1111 110101101110011111 01110111, 1111101 11110101010111011111101110 1111
⁴ 01111 11111111 01011111, 101101011010 110 010111 1111111 0110010111, gdy
1 0111 1 0110110111 10001 11101111 0111111110 1111111111 010 01111011 11111-
11100110, 1011001111 010 10101 101 0111011110 011011, 11011111111011 001111,
1 1111010 1010110111 010 11010101001010 1011111111 0111011 110010010. 111-
0011101 1110111 Ρ11011 110(101101111101111111010111011, 1 011010 01010-
11111 1011 11111011, 1111011010 01011011 11 11001111101111110 1 01111110101010
110111Κ111101ό1 1100111111 11111 1011110011 11010, 1001010111111111111 1 110-
1110 1111111 11101110 (1111110110, 111 110 1110111 pod 11111 1111101111
1 11101110 1011110011 11111101111 10110111.

10110111110110 1010111110 do 111111 0011 1110110110 011101011011110.

11010101101101110111 do 11011 111101 101111010110110, 1 10-
11111011 1010111011011, 111 101110 0111011101, 111110 111 1110101010 10011
1 1110111 1111111, 110 01111011111110111 do 10110101 111111 1001101010111 10-
10101011 111111011οω1. 1111101101, 0111111011 1 1101111 1001111 1100101-
011011, 10100111 101111111111 010101011011011110, 1 110111 (110111 1111011101
uad 01101011 1110110110] 11111.

non 10110111 mo. ,

liuta 111111, 10 0101011110 1101111010 101111, 11111110 1010110111 1101111-
num, 101111111011010111 v 1101 1110111, nie 1110111111·οο ani 1101 011
violavi.

1110111 1 11111101 Ρ111001, 1101111011 101 01010111110 1101010111
jak 01011101 110110 111101 (1111110111, 1111 1001110011, 10101010 1111111-

0111 10110101 11111111011 1111 11010101 11110101111 10110 1111010110, Ι

11110110, 1 10101111101 101101111111111100111 1010111010, 1111000 01011
jodae, 101001 1110110 Ρο1010 1101111 1010111 10111 (11101111, 1 10
J. Dm. 1111010 roffi. Κ.. IX. ὅ

 

