274 66666666 6. 6. 1363.

minim 1611633166166666666 666363, 61166 1661616616 1166611666, 6316663

66116616 cesam, 6613 6666166 6 11616616, w 6116666161 66166661 161116

1 61616 1663611616161 prm 1111661616 161 16663666, 6 6161116 3666336166,

363 366663 1116163616 66363 1616661166, 661616163666336 616 6116616 16

6663661616, 11163 6166666361 161116 61666 66616 163616 1661663663
66361616 36336636.

1166661666666 366616 6613 6666166, 11116 Κ66161666 1611 Ρ61611,
3616 1616166666666663 11111613, 66161 66 616116, 666166661663 61366611
36 6 616116 6666616161616, 36666 16666166361666613 366116 6666666661 66-
61616161 1111161 1616161, 361616; 16616116111161166161611666, 616
61166166 66666, 13666616 16116 116611, 1 Ρ16116 (136133611666
11116; 61666163 011666 Bawarskiego, 216666116 116666166116-
go, Β61661666 161161611666, 6366 6166113 666363, 11161361666
0661611666, 1 166361 1616161; 111163 6663663 36631311 6616161 6666666·
63.Κ1111661661133133611Ρ1616, 661666066616(16666 1666616663
6661666663 161161661163 61661, 3661616611616166611666 36666 Wo-
166113 1 Rus, 6661636663 36666 11661616666 16116 1 3666 61666116 66
666361116 666663 6616661166. Zygmunt 666 1611 11611611, 6666116163 616
36666 66166 Β6113611616616 0666666) 66313116 16166166 8163)-
61166661616166611666616666 1616166166 8163661116, 66616666
136 66616, 1 66666666661616616611111616, 6616366663 66116166 Ka·
6161616611116Ρ61611666,6163163116Κ161666.16161111111116-
giomi, 1611666 663663 drogo przez 86661Β661616, 63661616 616-
66136166666 1 1166636 66616 γ666161 66661166. 1116166166 116661, 1111
11636611 1 (166611, 6661666663 616 36666 861661, 61616 go 6361661 61
Κ661616666 16116 Polskiego 6166616616 6633666611, 366161 66 Β6-
1616, 01166611 1666 616616 Ρ616116, 66 6663611161 161616131 666661
666616166661666163666663. 11163666 powitanie 61616316116616, 1166166-
611, Ρ61611, 1161611 1036133611, 61666661 1166616 6666661616161
1 66616, 63366166663 6 616616 6 6116, 66611611 go 6 616116 66616 1 636663-
661616. 8166166166 1611661 116661661 6666361666, 16 616 111166166163-
1111636, 661611663 616616 6666 666361 1616161661 1 16166661, 66611616-
666 666666316661 drogi 66 6316116616 161116, 11163611166 116663 1616 36-
66661661. 0 66116 11613 161166 6661 1666, 66116116 666616166663 6 1661,
6611 66 6661166616 Κ61616 11116 11636611666, 666616 661611 661116 1666
16 obeo 6616116 J 666, 6116636666 1666161611666, 6116161611 616 66666366
66666616 6666666166 16616661. Β316 66 66 6666 616116 6616116 spo·
116616 616 1316 161116, 6 361636 1616 1 361616 6163666 6616661666361

 

