108 0010000000 00000000. ’ 0. 1325, F

10010010 00010000 0011000 10101001( 11100 00001011, 0 00 00110010 nn 0000
0010000001010000110000000 1 1010010.

Do zagodzenia 000010 001 0110111110 0010100 000011010οο0( 1 (001000000-
nami 1100110001 0001000, 0 0101000001001100101100 11001001 0010000 100-
giej 010000, 0010110 100000001 010 00011010, 00001011 1011001 10001000101-
000 0001000010οε 111000 0100000 01010 (1010001000 10101001011100011000,
0000001011 go do 0000000010 101000100010100 0 00000001001000 010001010101100
001001100000011101010 00110000101010 100010100οη0ιηί. 10110010 0000 0000

110011 01000010 0000010 (10010101011000 (1100110) 00001000 000000- 1

nego 101010010 1101000100 0000010000 0100010 1000010010, 0100100010
1011001 (1011100010) 10 1101000 110011ος0 0010100010101000-
10101οἰ 001 010110000010 0 10101 S. 11111010 000010, 100100100 1 00100001
0000100001, 10001οἰ0101 1010101όο 0001010001 000111, 1 001000 1001000100000-
, 1001 0 0100010. 1000010110 000010 1011000110 0100000000 (10 1011001,
000010010 0001010 0010000001( 000010000010, 0010010 0001010, 1 01010000 01010-
1000 0010110 10 00000 10000.

non 0001000 0000.

1110100100 1011101011, 100000 0000100011100, 00010110 01010 10101000 000·
1101000100 000001 000000 100111οΞ0(οἒ.];ᾦέιο0000 0100010000 0000111011001- ¹

100011 010 010010 1 00000001 10 0000110 1110100100 1011 101011, 10 =
01010 10010 Ρο101101 00000 010010 1010010100110 101101010000010, 0000-
00100010 (010001010101 000101110, 0010000010 1000010 0001001001 0010010,

 

1 1010110101 010 01001011 0101000100001010 0 0010 0001000, 010 0000000 ,

0101000 0100000000 011110 001011 010 10 0001010 01011101, 000100110001, 10-

00 0100000000101000 0000011, 0100101 010, 1110 000010 jogo 110 10010 10000101
0 01010 010 ,00010010 (010 01000 1000 1001000 001 10 0000 01010, 010 101-
10101 0000010000 00 001001 1 0010000010, 000101100011 001010100 1 nie 010-
00110101000010000100Ι 0000010 1000000000101 10010), 0110 1010 000000101οἰ
00101000 000101 011 0100000000101 010010 010 1010 00000000οο00 00101011
0 101100, 1011 00000010 001101 010 10101001 0 01001000, 01010 je 0100000-
000101 0000011, 0110 0 1000010 01000000000010 0100001. Po 11001010 0100 0 00010-
, 100011000οω1 000001 00001001, 010 1001001010 00001010 000101 0000010

 

