11 1306. 1111111111 10111111. 27·

· 11 omia 111111111111111111111111111111 1111111111, 11111111 w 11111-

111] Palm, 1111111111 11 1111111, 111111111111111111111111111. 1111111111

[11111111 vm 1 1111111111 1111111111 1 1111111 1111111 minata 111111111-
1111 11111111 111111.

Ζ111111111111 1111 1111111111 1111111111 Polskiego 111111111111
1111111111 111 11 11111111111111 11111111111111 Βο1111 1111 1111111 111111.
111111111111111 111111111111111111111, 111111111111 111, 11 Ρ11111
11111 111 1111111111 11111111111111111111, 11111111 1111111111 11111 1111
111111111111111 1111111111111111111111· Polski‚ 11111111 Κ11111
1811111111, 1111111 1111 w ioh 1111111111111 1111111111 1111 11111
im 111 111111 11111 ani obrony, 1111111111111 11111111 1 111111, 11111 ty<
11111 ludu 1111111111111111111 11111111 11111111. Κ1111111Ρ11111 1111-
11111111, 111111111111111111111111 111111111111111111111, 111 11111111111
11 1111111111111111111 1111111111, ani 1111111111 11111111111111111111, 111
11 111111111111 111111111111. 1111111111 Ρ111111, Η11111 v. Ρ111111,
1111 11111 11111111111111111 1111111111 11111111,Ι rodem Sas, 1111111111111
111, 1111111111 1111111111 do Polski w colu 111 111111111111, 11111111
1 hyla 1111111111 1111111111, 111111 1111111111 11111111111111111111 1111111
11111111 111111111111111111111111· 1111111111 pod 111111 (111111 (1111111)
11111 1111111111 1111111111 111111, 11111111111111 1111111, 1111111111111111-
11111111111 1111111111111 11111111, 1 1111111111] 111111 111111, 1111111111 11-
11111111 albo 1111111 w 1111111; 1 1111111111 111111111111111111, 1111111
111111111111. Κ111111 Κ11111111111 11 111 111111 111111, 11111111
(11111111111111111111111111 11111111, 1 11111111 111 1111111111 ,1 1111
111111, 1111111111111 1111111111 1111111 1111111 1111111111 111 1111111111
1111111111 111111 1111111111 11111111, 1111111111, 11 1111111 1111111 111
11111 11111111, 1111111111111111111111 111111 do domu. Gdy 111111 11-
11111111 11111 1111111 111111111111111, 111111 111111111111111111111111-
1111. Ale 111 1111111 1111 1111111111 do 11111, 1111111 111111 1111111111-
1111, 111111111111 111111111111111111111 Karszowski (Karsohowin)
1111111 111 do Prus 1 1111111111. 1111111111111111 komtur 11111111
11111111 111111 111111 1111111111· Ρ111111 (Ρ111111111), 11111111 111-
111 11111 1111111, 111111111111111 w niej Litwin6w‚ 11111111 od 1111111
111111, 1111111111111111111111111 1111111111 11111111. Α 1111111111
do 11111111, 1111111111 1 1111111111 111111111111111 w p0g0fi3 1111
11111111 11111111111111111111111 1111 11111111, 111111 1111111, 1111111 111
11111111 11111111. 1111111111111111 1111111111 S pudo, 111111111111111-
1111111 111111 1111111111 111111 Ρ11111111, 1111111111 11111 1111111111-

 

