132 1661116161 1611111611. 1. 1331. ,

61611616 166166 166611 6161616661. 1116161111 sie 11616 1111666616 6111
1111166616 16161116, 661 1616616 161616111616161 1111166161; 616161 111161-
616 1 1116111, 1 66111116111611111116611161111616111, 16161661 1111111 11116111,
616116161, 1616161 1116116661 116111, 1611611 16 6161116 Ρ166111616 1111-
1616. Α 1166161611 sie 1 61161 116116616116, 66661161 go 6161611661
61611 1 6116166611 ,61611 111611 611 16 61116 1 11161111 Ρ616111 6616-
,61161; 16 616 1116 61111 1 616 11111116 616661616161616 61666, 11111116 1 616111
,1 1616 161166, 1616116661 1611611 6161611111, 66111 6616111611611 6111616111,
,1616 1161111 1 1611611 61616 1611616616 1616161111, 1111 661616161616-
,111116, 661 1111111 16111 ozas 11161116 1 1116116161616 1611161616161,
,616111611 1161166611 66166116161 16111 166661 1661166161. 0111616161 sie,
,16 666 111116 1611166 1111611, 61611611116 611 1111611161, 16116116
,66 1616161 1161116166 6111616161 616 661661116; 16 66166166 166111 1 616-
,616 1116111161 1616111,16616161611161111616111166,16166111161-
,6111616 161611161611611616116,1116116161166.1 1116616161111166111
116161, 16 616 66161616 661166166161 6116111161 1611 1661161611 61161616
1 6166166161 1661116616 1161611661616161,111611161616 61611 Ρ616111
’ 161166111116116161116116116166116111161116611616116,11116161111616166
16 1166111116 11111116, 1 116611611 661 6116 1611111116 1166 6111166166,
161661661616111611’1661611161111116616116 1011666111 Lu·
161161111, 1111111 1661111611 1166161111 1 11116661616 1161611611 Po·
1661611616 1611611116 61611 11616161, 1 6611116161 16166116111616116
ΡοΙ6111; sam 161 616111 1616616 1111611 16166161 61611 Toruniu.
11616116 16116 1161166116, 16611161161616616116111111611, 161 16-
1111 11166661616 1Ρο661166 16161611 Ρ6166116111616, 6611111
1 111611 S. 116111 1161161661 1616111116 1611661111616616Β11611
1 Ι661166161; 6111 61661616616 61161 61611616 11116611, 1 661111166161
111111 611116 16 6161611, 611611661 1166661 1661116 611 1111616116 616616.
0111616Κ1111661 61111161 1661111 1 61661 116 opanowali: 6161 1116616
1161661611 6161111166161 po 16111661 1 611111, 1111661616616 1 161616116 1616111
16616 6161161 61611111 66111616161111166, 1111166111 1161111161 161166 1 611-
111 1161666111, 16116111 1161611611 11161116, 161 11116111 1 6166611. 11111661,
1661661611161Β11616166 1 1661166161166 616 66111161116616116111,
11161111 6116611116 1166116166, 1 616116611161661 116116111 11111 11161-
11161 1616111, 1111111 616 61116116111616 6161 1161611116, 1 1661611111
1116116161 6111 16111661 611616 11616116. 1111611161 1611611 116 po·
1611161116 61611161 1116161111 1111666611 16161616 Ρ6166116111. 11661
616616111616616661616611611116166166116 116161, 16 1161111116 Ρ6111611·
611616 66161166, 111116 1611161 616 6161116161) 6116161611 6116111611 16
1161616111611616166, 6616161611611 161 1 6166161666111111611, 1666661111

 

