224 1111111111 1. . 1. 1351. .

1111111111111), 1111111111 1111111111 1111111· 1111111 111111 11111111, 1111-
111111 111111 J 11111 1111111111 111111 1111111111 111111.

non fnium ml.

1111111 :ionio 11111111, 1111111, 11111111 1111111111 11111111, 1 1111111111
11111111 111111 111 1111 1111111111 1111 1111111 ioh 1111111 11111111 11111-
11111 bione 1 1111111.

1111111111 11111111 111111, 11 1111111111 111111111111111111 11 111-
111111Ρ11111111 1111111111 1111111111 11 1111111111, 11 11111111 ,1111111
11111111 11111111111111. Ζ111111111 1111111111 111111111111 1111111111,
11111, ’1111111 1 1111111 1111111 11111111111111111111111,1111111111

’ 111 11111; 111111 11111111111111 1111111111 1111111 1111111 11111-
. 11111 (111 11111111 Κ111111111 1111 Ρ11111 11111111111111 11111111

1 1111111111 111111 11111111111111] 11111111111111111111111111111 11111-
11111111111111111111111111, 11111 1“ 11111111111 11111111 1111111111,
1111111111111 1111111, 1 111111 1111111111 111111. Ζ 11111 1111111111·
1111111 111111 111 Β111, 1111111111 11111 Β11111111, 1111111111111-
111111111111111 111111111111111Β111111,11111111111111111111-
1111; 1111 1111 Κ111111111 11111111111 111111111111111111, 111111
11111 11 11111111 111 11111111, 1 111111 11111111 111111 1111111, Β11111,
11111111111111, 0111111111Β111111,11111111 11 1111111111 Ρ11-
111111,1111111111111 ioh 11111111111111 11111111. 211111 1111111111,
11111111]1111,11]111 Β11111, Κ111111111 1111111111 murem 11-
11111111111111111111111, 11111111 1111111 111111 11111 11111111111111
11 1111111111111111 1111111. 11111111111111, 1111111111 Β11111111-
1111111, 111111 11111111111111 1111111111 11111111 11 Ρ11111, 1111111
1111111111111 albo 111111 111111111, albo przymuszeni 11111 111111 11111-
1111111111111. 11111 11111111 1111111111 11111111, ma 11111111111111-
skim 111111111111111 bagua 1111111111111111, 111111111111Β11, 11111
111111 1111111111 111 11111111111111 11 1111111111 1111111, 11 1111111111
11111 111 1111111111 1111111111, 11 go 111111 111111 11111 111111 111111
111111111111111111111111. 1111111111111Κ111111111 1111 Ρ11111,
1111111 1111111111 1111111111111111111111111, 1111111 11111111-

·1111111111111111111111, 111111111111111111,111111111111111111- ·

111 11111111111111, 1 11111 11111111 11111111111 Κ11111111
1 11111111] 1 nim 1 111111111111 1111111 1111111. Ten 1 1111111111 1111111
1111111, 11111111 1111111111, 1111111111111 mu 1111111111, 1111111111

 

