LUDWIK.

1111 raim nm. ¹

11111111 1111111 1111111111, 1111111111111111111111111, 1111 [1111111111
111111111111111, 11111 1111111111, 11111111 111111 1111111111 1111111111 1111111·
11, 1 1111 vtio 111111 111111111111 111111.

¹ J 1111111 1111111111) (111111111111, 1111111111 1111111 111111111-
1111111 11111111 1111111111 11111111 11111111 11 1111111111 1 11111-

1111 1111111111 1111111111111, 1 11111111ιί11· Petram, syna 1111-
111111, 11111111 Ρ11111111, 1111111111111111111111111111 1111111111,
1111111111 1111111111, 11111 1111111 11111111 1111 111111111111111 11111111-
11111 111111111111111111111111111111111, 1 1111111, 111 1111111111
Ρ1111111, 1111 11111 1111111111, 1111111 do 1111111111 11111 111111111111
1 11111111111111111111 sie 111 1111111111. 111111 111111 1111111111 1111-
11111111111111111111 111111111111111 na Ρ1111111 11 1111111 1111111111
1111111111 (1111111111111111, 111-11 11111111111111 1111111111, 111 11-
111111 111111111111111111 111111, 111111111111111111, 1111111111 po-
111111111 1 1111111 111111111111 Ρ111111 1111111111, 1111111111111111-
11111111 11111, 11111 1111111111 1 11111111 1111111111, 1 na 1111 11111111
11111111111 1111111111 1111111111 1111111. 1111111 11111111111 Ζ11111-
111 1111111111 11111111 11111111 1111111, 111111111 11 1111111 11111111
11111111 1111111 1111111111 mogo, 1111 1111 111111, 1111 11111111 jego
1111111111 11111111, 111111111111, 1111 11111111 11111111 1111111111 11111
1111111111. 1111 111 J 1111111 1111111111 (111111111111111111 1111
11111111111111 1 1111111111 111111 11111 111111111111, 111111111111111111,
1111111 1111111111 11111111111111111, 111 1111111111) 111111111θηί1
11111, 1111111 11111111111111111111 i 111111 1111 1111111111 1111111111
11111111111111 1111111111, 111111 1111111111 11111 1111111111 J 111111
1111 1111111111111 11111111111111111 1111111111, 111111111111111
11111 1111111111 11111111 11111111, 111111111111111 11111 1111111 11111-
11111111. ’1111 1111111111 1111111111 J 1111111 111111 111111 1111111111

11111111 1111111111 1111111111 11 1111111111 1111111, 111 111111111111 1111

11111111111111111111111 11 1111111 11111111 1 1111111111111111111111

1111111, 1111111111 go 111111 11111111 1111111111 1 11111111, uin 111 11111111
11 1111111111 w 1111111.

Ζ 1111111111 11111111 1111111111 J 11111111 111111111111111111111-
111111 111111 1111111 11111 1111111111111111111111111111111111(111·

 

