KAZIMIERZ W.

nim mum ms.

111 1111 111111 11111111 11 111111 1 1111111111 1111111111, 111 [nimian 1111
1111111111111111 11111111 1111111, 1 111111 1111111111 1111111111
1 11111111.

1111111 Κ11111111 1111 111111 11111111 11111 1111111111
Rusio„ 11111 11111111 1111111 111 1111 111111, 11111 111111 111111
111111, 1111111111111 111111 111111, 11111 11111 1111111 11111111.
1111111111111111, 1 1111111111111111111 to sobie 1111111 1 11111111, 11
1111111111 1111 111111 111111 11111111, 11111 11 111111 1111111111
11111111 1111111111, 1 1111111 1 1111111111 1111111111, 1111111111 11111-
111111111111 1111111111111111, 1111111111111111111111111111,
1111111111111111111111 1111111111, 111111 1 11111111 1111111; 1111111111·
1111111111, 11 Β11111111 111111111 111111111111, 1111111111 11111 “
Polskiego Κ111111111, 11111111 11111111 1 111111111111111111 111-
1111, 1111111, 1111 11111111 11111111 1 1111111111 11111111, 1111111 do 111·

1111111111 1 1111111111 0111111111 11111111111111 1111111111 1 1111- ,

1111 11111111,1111111111,(111111111111111111111111, 1111111111 ]

111111 do Polski. 0111111 11111 1 1111111 1111111, 11111 111111 111 111111·
111. ’1111111111 11 1111111 11111 111111111111111, 11111111111111
111 ningo 111111, 111 111111, 111111 11111 1111 1111111 11111 11111 1
1111 11111111, 1 111111 11111 11111 jego 11111111111111111, 1111-
111 1111111 1111111111. 111 Bag 111111111111111111111111111 1111111
1111111, 11111111111111111111111111111111 1111111111, 1111111111 11-
111111 1 1111111111 1 1111111111 Ρ11111, 111 111111 Κ111111111 11111
Polskiego 1111111111 11111111 11111111 1 111111 11111111111111111
111 (11111111, 1111111111111111111111110111111111, 11111 1111
111 1111111 1111111111. 0111111 111111 1111111 011111, 1 11111 11111111·
1111111111111 111111111111111111111 111111111 11111 1111111 0111-
111, 1111111111101111111111, 111111 1111111 111111 1111111111
Ι 111111 1111111 1 1111111111 1111 11111111, 111111 111 11111111
11111111111111111111111111111, 11111 11111111 1111111111 1111111111
1 81111111 11111111 11111111 1111111111; Κ11111111 1111111 1111 Pol·
ski 1111111 11111111, 11111111 111111 111 dania odporu J 11111 1111111
1111111111, 1111111111 11111111111111111111-11 11111111, 111 1 111]-
1111111111111, 1111111111 11111111] 1111 do dzialania i korzystnego 1111111111
11111. 111111111111111 1111 111111, 1111111 1111111111, 11111 111
11 (1111111 1 11111 1111111111, 111111111 111111 1111, 111111 111111

 

