6. 1314. 6666666666 66666666.

11666666 1 666161661666; 66 616 6161166 661666666666666161166.

11166666 V 666161 66661 w quusmsurs (6661666 Maurum)
661 11616666. 1616116666 666661661666 16 Κ666661666, 61616 661 16
6666161616666, 6 6161 66666 666661661666 js 1ο (16616611 (Vasconis)
i 666166666 6 16161616 S. 116661 61166616 116166· 616666666 16666661
Β6666 (vasatensis). ’81616161 na 8161166 6661661166 161616, 61661666
16166161 1161 6161661616. 06 116166 16 1166666, 6166161061661666
6661616, 16666166661661 16166166 1116166. Po nim 6161166 6616666666
1616 66666 161166, 61661666 16661 16161616661616. Bo 1616 166166616616
6 11661161661616616166661 66 1616661 1116666666 w 6161616 Κ666661666 .
666611 16 16611666 66166 6166616 666666 6661616, 616 6161166666616 616
616166 616161666616, 661616 616 666666611 16 616116, 1 6161166 6661161666
1616 66666 161166, 61661666 1666. 06616161161666661166661666.

nost 6661666 6666. ,

116166 166611 66166616 6116166116 1616616616 6666666661, 6 6166666 1116661 66-

6666666166 6166666 6 lanu: 666 6616666 6 6616666, 6661661666 616 6661-
1666661, 1616661 616 616616661666161.

Κ6661 616166 Pruski i 66166 1666161166, 616 6666616666 66 6661616-
616 1161661161 6616616 Ρ666666, 1616166166 116166166661 161161-
1661 6166666161 6166616616 6616616666, 661616666166666 61616611 166616-
166 161116661616666661 Bsgu i jego 1616161661, 1 161661661666666666 61
6666111666 6616666 61616, 11166 661166 616661666666 66666666 61161666 66·
6666616 6666116166661 1161616161611666, 161616111616666 11166166-
6116661166661611666 1166666 6666666661 16666661 1166616666, 666-
16166 1 6616666666, 6611611 66616611 66 6616616166, 66666666616166 1661616616
66611 tego 66 6166666· 6666666116. 011611666 1666 661611666 1666666666,
61116666 66661 6616666 1666166116 16666616166166166 6666666, 6616661
616611 66616116616116 66 166 616666 616616166 (6661166 usuales). Swojs
661 1666661116116616616 1 1666666616 616161, 6661611 6166616116] 66661
6166161666 1616616166. 11611166 66116 6616, 6616166616 161616116 1 1166616-
616 6666666661 16666666, 66 66666 61666611 66666661. 01161 1661616 6666-
11616616, 11616616, 1166616616 1 166661 6661661 66666616 616 6661666616
1 6661616 j 1 66 666666 6161661. 11611166 1666116166 66661 661661661 66-
661616 666116. A 6166161 6666116166 (161616161611 11161661166166611,

 

