1. 1383. 1111111111. ¹ 411

1111111111 Ρ1111111111111111111, 111111111111111111, 111111
111111 11111111111111 1111111111, 111111 od 11111 11111111. 111111
1111 11111111, 1111111111 1111111111 1111111111, 1111111111 11111
1111 11111111, 111 11111 1111111, 1111111111111 1111111111111111111,
11111111 1111111111111 11 1111111111 11111 1 1111 1111111111 111111-
111 Ζ1111111111111111, 11111111 111111 11111 111111, 1111 1111111, 1 do
Golanozy 111111 w 11111111. Pomm, wsparty 11111, 111111 1111111111
1 1111111111· 1111111, 111111111111111111111111, ’1111111111111111111-
1111 1 jego 1111111111, 1 111111111 go przez dni 1111111111. W 11111 11-
111 111111, (11111111 111111111 Κ1111111111 1111 1 11111111
11111111111 Κ111111111, 1111111111, 1111111111111111111111 111111
(111111) (111 1111111 11111111· 11111111 11111111111 111111 11111111,
111111 111111 11111111 w 11111111, 1111111111 11111111111111 11111111-

111, 11111 1111111 11 111111, 11111111 i 1 11111 111111.

Po 1111111 1111111 1111111 111111111111111111111 11111111 Trajan 11111111

111111111111111 111 1111111111111111111111 11 1111111111 11111

nego 11111111 ι 11111111, a 11111111 1111111111, 1111111 111111 iniusto
11111111, 1 1111111111 11111111.

111111 111111 1111111111, 1111111111 1 1111 1111111111,
11111111111111111111111111 11111111111111111, 1Ρ11111 11111111-
111111 11111 w 11111 11111 11111111 11111111 11111, 111111111111111-
11111111 11111 1111111 11111111 1111111111 111111. Ten 11 11111111111111
11111 11111111 1111111 11111 111111 1111111] 1111111111, 1111111 1111111111-
111111, 1111111111111 111111. 0111111 111111111111111111 11111111 Sie-
1111111 111111111111111111011111111,1111111111111111111,
11111111 11 1111111 11111111111; 1111 11111 111111 11 11111 Wol-
11111, 111111111111111111 11111 Η111111 11111111 111111111111-
go, 1111111111111111 11111, 11111111 111111111111111, 1111 1111111111111
11111 11111111 Κ1111111111, 111111 11111 11111111 1111111111,
1 11 111111111 1 111111111111111111111 111111 11111111111 1111111 1 111111,
11 111111111111111111111111 1 Η11111111 1111111111, 11111 nato
11111111 1111111 11111 111111. 1111 1111111111111111111111111111 nie
1111111111 1111111111 1 1111111111, 11111111 11111111 1111111111, 111111-
1111111111111 1111111, 11111111 1 11111 1111111111 11111111111111
1111111181111111, 1111111, 11111111111111111111111 1111111111 ’111-
11111111 1111111111111 1 1111111111 Ρο1111111111, 111-
1111111, 1111111111πὶ 111111111111(111111111111111, 1111111111

 

