szDYszAw LOKIETEK.

1101 Panium lm.

1111111 111111 1110111 1 1111011111ιί [1111101111ἰωί 11111111 1111111011 (1101-

⁹: skiogo i 1111111 11110 1111 minuto: 111 ten 11 10111111111111111111011111111
1 111111111111111111, 1111110 1111111111 11111111 11 1111111 1111111111, 10110-
11111111 i 1011111110111, 11111111111111111110 0111111111 111111111411111101-

1111110 1111111.

;. Po 0111111111 od 1111111111 Polskiego obszernej i 1111011111 1011
4 111101, 10 1111111111Ρο1101111101, 10111101 1111110 11111111101111111111

ᾗ 1111111111111011111111, dmga J‘OSZOZO Β1101113111 g⁰ni⁰1³⁰myffl¹¹⁰⁶⁶‘ Al' ⁵

bowiem 1111 1111101111 11111111 1111111111111 1 1111111111 1111111

11111011, 1111111111 11111011 1 11110111111111111111111111111111, 11111-
m 11111 1111111111111 11111111 1111 1111111111 1 1011111111 11110111111111111-
1 11111101 10111, 11111111 go napastowano, 11111011111111101101111110111111

1 1111111111, 1111 1111111011 drogi 1111110111 11111 1111111011111111111, 1 Βο-

1111110111111111111 0101111111 11111 11111111 1101111111 1 111011 110111

111 0 11111111 1111111111 Κ1111011. Ten 1111111 10 skutku 11101111 11-
11111, 1111111111 11111111 1011111111 110 Κ1111011, 111111 11111 0111110 mu
bramy, 11111, 11111 1 111111111110 11111111 10111111111111 1 1111111110-

1011. 2111111 11011Κ1111011111110, 1111110111011 1010111111111111111111-

111 1111111111011, 11111111 1101011111 111 mogli (1010111111111 111110-
1111. Ζ101111 01111111 101111 11 1111111111 dom 111110111011111 11111111,
1111111111 1111111 S. 1111101111, 11111 1111 11111111 1111111011111111111-
111. Κ11111 111 1111111111 1111111011 1 1111010111 1111 1111111111 1111111-
1110111111111, 11111111 111 10111111111111 111 0111111011, 11111111 111111-
1111 11111111. 1111111111111 (1011111111, 11111111 1111111111 0111111 1111111-
11101111110, a 1111111111 1011110 1111111110111 11110 1 1111111111, 1111110
11111111 01111111111111111, 1111111 1111111111 1111111111 1011101111
11111, 111111111111111111 1111111111111101111 1111 0111111111 Κ1111011;
11111111 1111111 do Βο1111111 1111111111 Opolskiego, 1101111110 1 101-
1111111 1 1111110111, 11111111 11111111 1011111, 1111 11111 nich 11111111 111
0110111, 1 11110111111111 1111110111 01110111111111111101111111ε sam 111
111111111111 1 1011111111, 1011110111111 01111111 1111111 11110 1111111111,
1111111111 1101111111 1011111111 11101111. ci gdy 1111111110 Κ1111011 1
Βο111111011 1111111011 Opolskiemu 111010111111111111111111111111111-
1111111, 1111111110, 1111 1111111111111 1010 101111101111111111; ,111111
,1111111111 11 1101111 1111111111, 11111 101111 1111111111 1 11011011 1111111111
J. Dtuuou. 1111111 Pom. 11. IX. 9

 

