11. 1409. 1111111111 11111111. 553

rupini 1111111111 11111111111 11111111 11111111111111 1111111111
8111111111, 1 11111111 11111 11111111 11111111 1111111 1111111111.

11111 1111111111 111111110111111 111111111111 1111 1111111111 111111-
1111111111111, 1111111 111111111111111111, 111111 1111] 111111, 111111
1111111 1111111111111111, 1111111111111111111111. 11111111 1111111111, 1111111-
11111111111111111111111111111111111111111111111 Alexandra V, 1 11111
11111 1111111111 1111111 1111111111 1111111111 1111111. Β11111 11111οά11111 (1111,
rodem 1 Κ1111. 1111111111 1111111, 1111111111 1 1111111111, ι111 11111 111111-
1111, nigdy 111 11111. Kiody jeszcze by} 11111111 1111111111, 1111111111 11111111
11111 1111111 111111111111 1111111, 1 1111111111 go 1111111, 1111111 11111
11111111 1 11 1111111 1 soba 1111111111. 1111111111 1 11111111 1111111-
111111, 111111111111 Ρ1111 11111111 110111111111] 11111111 11 Ρ1-
111111] 111111, 1 1111111111 1 11111111 1111111 1111111111. Ν1111111111111-
1111111111111111111, 1111111111111111 1111111111 111111111 1111111111
1111111111111111111111111111 1111111111, 11111111 111111111111111. Μ11
11111111 1111111111 11111111111,11111]11 11111111 nigdy 111 11111111. 11111111
11 1111111111 11111111 1 1111111111, 111111111111111 1111111111 111111 1111111
11111111. 1111111111 1111111 111111111111111111 1111111111111 1111111111
1111111111. 1111111111 Β1111111111 (11111, 11111 111111111111111111111,
jego wyb6r 11 1111111111 11111111111111] 11111111, 1111111111111111111111111.
(11111111111111111111111111111, syn 11111111 11111111, 11111111
1111111 111111, przijl go 111111 111111, 1 111111 1111111111 11111111
1111 krolestwo 8111111. Przy 111111 1111111111Ρ111111111111, 1 powodu 111111-
111 1111111111, 1 Pizy wyjeohawszy 11111111 do Ρ1111, 1 1111 1111111
11 1111111111 1111111111111 1111 11111111. Κ1111 1111111111 111111-
1111111111111111111111111111111111111, 1111111111 1111111111 111111
11111111 1111111111 11111111111111111111111 11 111111111 mu 1111111111111.

τ’ · 1111111111 1111111111 1111111 1111111, 1 111111 1111 11111111111111,

1111111111111111111111111 1 1111111111 1111111 11 1111111111 1111111111,
1 11 11111 1111111111, 11111111 111111111111111111, 1111111111 111111.

Po 1111111111 1111111111, 111 11111 11111 11111111111111 111111 111111
11111111, 1111111111 11111 11111111, 11 go 11 1111111111 111111 1111111111,
1111111111 1111 111111 111111111111111111 11111111 11 11111111111,

1 11111 21111 1111111 11 11111111. 1111111111 potem zjazd 1111111111
J. mugou. 1111111 Polou. Κι. Χ. 70

 

