502 1111111111 11111111. , 1. 1399,

,1111111 111111 111111111111 11111 1111111111 111111. 11111111111111111111,11
,111111 1111111111 1111111111 111 111111111111111111111111111111111 1111111111
,1111 1111111 111 1111111 (131 11111, 1111 11111111 1 11111111 1111111111 111 111111-
„daim i 1111111111111111111111111111111, 1111111111 1 my 11111111131( 111111
1111111111111111111111111 1111 111111. 1111 1111111111 1 S. 111111, 1111
„dwudziestego (1111111111111111111. 1111111111 111111 Ρ111111111111111 1111111111

1111111· 11111111 11111111 1111111111111 1111111111 1111 1111111111 11 111
11111111. 1111111111 11111111.

1111 111111111111111111111111 1111111111 11111111 1111111111 1111111
11111111, 1 (11111 111 11111111 nami 1111111, 11111 1111111111 11 1111111111
11111111, 111111 11111111 w 11111111 1111111111 11111, 1111111111· 111 11111111. 13
111 11111111 111111111111111 111 1111111 111111 11111111 (11 11111, 111111
(1111111, 1111111111, 111111 1111111111 11111, 1111111 1111111111111111111
1111131111, 1111111 1 1111111111 1111111 1111111111111 1111111111 1111111111111-
· . 1111. 81111111 1111111 1111111111, 111111 1111111111 1111111111

11111111111111,11111(11Ρ11111ό1,
Κ111111 (11111111 1 1111111111.
111111 1111111 1111 (11111111111111111 1111111111,
1111111 sie 11111111 111111 (111 111 cuych 1111111111.
’1111111111 111111, 1111111 111111 1111 11111111,
11111111 11111111 1 11111111 1111111111.
111111111111 11111 1111111111111, 11111111
111111111111 (11111; 111111 11111 1111111 11111111
011111111111111111111111Ρ1111111,
1111111111 1111111 11111111 111111111111111111.
111111 (111111 1111111111 1111111 11111111
111111, 33 1111111 1111111111111111 Boga.
11111 1111111111 111111 1111111111 1111111111,
Ρ1111111 mu 1111111111. 11111 11 (1111111 1111111.
9111111111111 1111111111, 1111111111, 1111111111111111111111.
Dla 1111111111 11111111, (111 ludu 111111 1111111111.
1111111111, 11 1111 11111111, 111 111111 11111111
Nie 11111111 111111, 111111 11111111 (1111111111
Ta 11111 1111111111 11111111 1111111 1111111111.
’111111 111111111111 zdobywa marne 111111 1111111.
’ 1111 (11111111 1111111111, (111 111111 1111111111 (11111111,
Μ111 1 1111111111, 1111111111 1111111111 111 11111111.
1111111111 w sobie iskierki dumy 111 111111
0111111111 1 11111111, 11111 1111111 bez 11111
W 1111111111 1111111 11111111 1 1111111111 11111,
W 111111 11111 111111111 11111 Β111.Ι

 

