546 1111111111 11111111. 11. 1419.

Ρ111111111111Ρ1111111) 11111111111111111111, 11111111 111111111-
1111111, 11111111111 11111 11111, 111111111111 1111111 1111111111 1111-
11111 111111 111111111111. Pomm 111111 1111111111 1111111111, 111111
:po 111111111111111111111 podda} 111111111111. (1111111111111111 1111111111-
111, 11111111 111 1111 1111111111 111111111111 1111111 111111, 11111-
1111111111]111111111111111(1111111111, 111111111111111111,111
1111111111111 11111111 111111111111 (111111 1111111 1111111111111 11111111,
111111111111111 1111111, 11111 111111· 11111 111111, 111111111111111111 1111
1111111111) 1111111111111111111111111111 11111111 1111111111 11111111
1111111111 11111111, 1111111111Ι 1111 1 11111111· 111111111111111 111
111111. 111111111 1111111, 11111 11 Β111111 Ρ1111111111111 11111 Ρ1·
mian, 11111111 111111111111, 11111, 11111111111111111111111
111111, 111111111111111111111 11111111111111 1111 111111. 11111111
Β111111 Ρ1111111111111 1 11111111 11111111 111111 1 11111111 111111
1111111111. 1111111111] 1111111, 1 11111111 1111111 111111 1111111111 1111111111
1111111111, 1111111111111111111111 111111111111, ,11111 111 1111111 1111111111
1111111111 11111111. 11111 11111111 1111111111, 111 1 Κ11111111 judae
111111 1111111111111111111111111 11111 1111111111, 111111 111111, 11 111
1111111 111111, 11111 11111 11111, 1111111 1111111111111111111111
1111111, 111111 1111111111 111111. 11111111 11111111, 111 1 111111-
11111111111111111 111111111111111111. 1111111 1111111 Ρ111111, po 111
11111 Β111ο1111111111 1111111, 1111111 1111111111 1111111 1111111111
11111 1111111 11111111 111111111111. Ρ11 111 1111 111111111111 ’1111-
111111111111 1 11111111, 1 1111 111111111 1111111111111 1111111 11 11111.
(1111111 111111111111 111111111 1111111 1111111111; 11111111 11 1111111 11-
11111 1111111111 111111 11111111111 11111111· 11111111111111, 1111 11 1111-
111111 111 111111 111 111111· 1111111111. 1111111111 111111111111111 11111111
1111111 11111111. 111 111 111111 1111111111 1111111111 0111111111, Η1-
1111111, 1111111111, 1 1111, 1111111 1111111111111111111111111 111-
11111 1111111111. A 1111 Alexander 1111111 11111111 111 111111111-
111 1111111 1111111111 1 11111111 11111 1111111 Κ1111111111 1 111111
1111111, 11111111 1111111111 1111111111 11111, 1Ρ11111111 111111111-
111111 11111111 111 1111111. Po 11111111 111 1111111111111-11111111,
111111, 11 1111111 1111111111, 111111 1111111111 1111111 1111111111,
11111111111111111111111111111111111111111111111111111111
1111111111 Ρ111111, 11111111111 1111111111111111, 1111111111 111111-
1111111111, 111111 111111 Κ1111111111111111. 1111111111111111 11111111-
11111, 1 11111111111111 111111. Ρ11111 11111111 11111 1111111111 11111
111111111111111111111111 1111111111111111111, 1111111111πί
Ν11111111111111.

 

