1. 1383. 1111111101. 401

,011111110111., 1101111 11111, 111 0111110111, 1 jej 11111110 1 111110-

11111111, 000111010 111111 010111111111. «1011111111 1111101 011101011
,110 11111111, 11101101011010111 0111011010] 110 11111011, 110111011010
,10111011101010 1111111110 1110111111 ’1011111ος11 od 1011011101
1001110 1011111010 1 11111010, 100111011010 011111101101111 1011101111
0110 11111010110110111, 1100010101 11110101 111110110100111 11101-
10011011. Ρ111111101111111101111 1110011 11101011ος0 ijego 1011111·
01111 101011 0011011010, 11110101010 im, naprz6d: ,111010111010100110
,110011 1111001110 Ρο10110 1111101111 111 11111010 10111110111, 111101
,11111 1010110111 1101110 110010101011111. Ze 00 1011110101111011101 Lu-
„dwikowi ijego 0111011, 101 Ρο1101111101010111111111ε 110 moga 11011 111
„tego 101001111111 11111011 111 010 111111 0110110111, 1111011011 1110101
,11011 111011 111111 011111111010111111111 1111101011101 1001101011
,10011111 110011 S. do 1111001111 101011010 1111101110, 1111111111]
,1111011101 000111 1101000 1111100111; jeieli 1111110010, 10 1101101110
,1101110 0111110011101011110 111 011111011101 0100110101111010, 1111101-
,011111101110111 111110111011101110111010,110111110110111011,
,11111111 11110101111110111 11111. W przeciwnym 11110, 1001111111 010
,0 0100011010 10 111110 11111, 1 110 1011010111, 11111101 111 111110 0010-
,11011111 111011 11001100101111 1 1111001110 1010110 gina& 111110.“

111101 11111111 1110 1110111 81111 11 11111011 11111111 1 1110111. 11111001

111 10 1101111110011 11111111 00110011 1111111110 ι 01111111πί11, ie 1111

bsh do 111110, 111 111 0111111110 0111111101 1111011 101111 11110 Pol·

111. 1οπ111111011111111 111 10 1111 01011 11110, 11111110111001 111111
ι 1111001, 111111, 1 011111111111111111110111 10 1111 11110111.

W 00101111111 11111101111111011 11110101Ι Wegierskiej 101111
jej 1111111, 11111100101010 11101 100111 10110101101 1111011110 Sie-
1111111, 11100101010011 01110111111011111 011 w 1100110101110011111
1110111 10111010, 11111 w tym 1011 1111111110 1111 1100111010 111101,
w Nowym 11011. Ρ111111 10 nich 80111111 1 1111111 101010-
1111011011 1 01110011 Κ11100011, 11100011111 11110001 1111110111
0111111011011, 10 1111001 11111011 1 01110, 01011 1111111, 11111111 ·
1110 1100110, 110 11111111 111 11110101111010 111 1101111111 110110-
111 1110110011111. 110011 111111, 111 1011110101 110 111011 11111, 1 010111-
0111, 1011111 110 0111011 w 101 1110110 jej 10110111, 101011 010111 1 010-
01111 1101011100101011011 011111 sie 111101110111110 Ρο1011. 111111-

J. Dum. 1111010 Pol-u. Κι. Χ. 11

 

