72 1111111111 1111111111. 111314.

11111110 11111111 1111111 11101111111111 1111111 Ρο1101111, 1111111110
Ρο1111111, 1 1111 111101111111011111101111, 111 0111111111 1111 01111
1101011110111111· 1110111, 1 111 11111111 1110111101, 1 01111111 1110
1111111011011111010, 11111 11111111111111111101, 11111111111 1111111
1 1111101111 1111111111 1011111101011 1011111 1111111 10101111011, 1011111110
1111011111 11111111 1111111111 11010111; 11111110 1111111 111101 1111111011

1101111 sie 111111111111 0110111111111 111111 10 8101101110110111111· 1 1111- =

lali 11111 ,111 1111101101 1110101111. 1111 1011111011 1010111111 11111101]
1011111110 111 11111111 1111111, 10111 11110111· 1111111111 11 1111101οἰ
1 1111110101011, 101011 111 111101111 111101110111111111111111111110
1 1111111, 111 1 1111111 Bogiem 1 jego 11111111. Tago 01111 11111 1010101
(1111111111 1011111 1110111 ’111111 w 1111111111 mu 1111111111111Κ111-
1111111111111 1101111111111011111, 1111111110 1011011 1111111 1111111
Ρο111111 101110 1110111111.

2 11111111 11111011 1111111 1111111111, 1111· 11110111 11111111 111111 111111
1 1111111111 111 10111 1 1111 1111111111 11110 11111111111111,11111111
v 1110101 11111 1111111. ‘

Po 11111101 Η111111, 010110101ἰο 011111111 1111111 1 0111 0111111 1
101110 01111111 11111111011 1111111111, 10111111111111111111101, 3

1011111111101111. Ι 111, 1111111111110101111Η11111, 1111011 111111
1111111 11111 111111181111, 011111 1110111111 1111111111 1111111,
11111111111 111111 11111 1111111111ος 11111111111101111110, 111111,
1111111011111,111Η1111111011111,Ρ1011110111111,11101111
1111111111, 1101111111, 1110111111111111111111111111111, 11-
11111 1111111 1111111111 1111111 111111οἰ1 Β1111111110. 1101111
Ludwik 111111 Β1111111, 11111111110111 11110111011111111111011-
11011101111111111, 111111011111111 Mogunckiego 111111110-
1011; 111111111111111111111111 11101Η111111 1111111111 Ko-
lofiskiego 111010111111111011 (11111). (1111 1111101111 1011011111
11111111011101111 111 1111111101110111, 111111 1011111110 1111011111111,
10111111 1111 111111111111111 1 1011. W stoozonej 11101111111111 1111111
1111111111111111010111111111111 111111111111111111101111 11-
11111 101 1101111011, 1110 1010111· 111011 1111111 1111111111 1111111
1 1111111 1101110111 11101011 (011011111011111 1110111111111 do boju 11-
1111111111101111), Ludwik 111111Β1111111, 1111111 1011111111 1 110-
11111 1011011 1111 11111 1110111010, 01111111 1111111110 111 1111111111
1111101111, 111111 11110111 111111 1111111, 11111111011111010, 111·

 

