1111111111 1. ’ 111369.

11 11111111 1111111111 V 1111111 11 1111111 euagon n

1111111111111, 11111111111111 1111111111 11111111, 11111111 1111·

(11111 111111. Po jego 11111111 111111111111 1111111111 1111111111, obtuli
(111111111111, 1111111111 11111111, (1111111111 1111111111 Ρ1111111
Belle. Po nim 1111111111 111111111111 11111111, 111118. Β11111111111
plage 11 11111111 1111111 111111111111111.

liuta 111111 111111 11 1111111111 11111 11111 1111111111, 11111 111 ti·
11111 1111111 111111 1111111111, po 1111111 111111111111111111111 nin 1111111.

Winrioh 1111111 Pruski, 1111 1111111111 11111111111111111111111,
11111 1 11111111 do Prus 11111111, 1111111111111111111 11 111111. 11111
111 11111111 jogo 1111 11111 1111111111111, 11111111 1 1111 1111111111, 111111
1 11111, 1111111111 1111111 1111111111. 11111 11111111 uad 11111 11111111,
11111111 11111 111111111111111111111111111 11111111 1111111 111111 111111-
1111, 11111111111111 11111 1111111 111111, 11111111 111111 1 1111111
11111, 11111111111111111111111111(1111111111111111111 111111
Βο11, 11 1111111111 1111 1111 11111111111111111111. 0111111111 go 1111111
11111 111111, 1 1111111 1111111111 111111111111 111111, 1111111111 1 111-
1111111111 111111, 111111 do Prus 11 111111 Ζ111111111111111 S. 1111111111
111 11111111 Olgerd i Kiojstut, 1111111111 1111111111 111111· 111111
i 1111111111] 1111111111 1111111, jak 11111 1111111 Pruski 11111111, 1111-
11111111 1 111111 111111111111 1111111111111, 1 po 11111111111111111
¹usilnego dniem 1111111111111111111, 1111111 11111111 111111 11111111 1111111-
11111, 1111111111111111111 1 pion 1111111111, 111111 11111111 1111111
11111. Alubo 1111111 11111 1111111111 1111111111111 11111 11111111 1111111,
1111111111 1 dniu do tego 111111111111 111111 Κ1111111 1111111111
Ρ1111111111 Schindekopf 1111111111 11111111 11111, 1111111111111 111111.
1111111111 1111 Henig do Ρ111111111111, 11111111111111111111, 11111111
11 111111, 1111111 Β111111 1111111, 1 po 1111111111111 1111111111 11111111.
1111111111111111111 1111 11 niego 111111, 1111111111 11111111 11111,
nim 11111111 1111111111 11111111111111 rozgniewany‚ 111111 111111 111111
111 1111111111 1111111111, 111111 111 111111 11111. Ι11111111111111 1111111111
1111111111 111 11111 1111111111, 111111111111111 1111111111, 1111111111 11·
11111111111111111111111111111. 1111111111 Κ11 j 1111 11111111 1111111
1111111111111, 1111 11111111, 1111111 1111111111 do Prus 111111 11-
1111. Ta 1111111111 1111111111 1111111 Pruski Winrich‚ 1111111111 11111111

 

