-0000 000 1² 000000 3000000000 30000000 03000000οΜ 0000000000οῡ 00000
ep woffl 0000000000οᾱεο 0300 000000 00 00000000οᾶ 000 ί03000000 300 00000
000 0300 00000ορ00 303003 400003000οΜ 0000000 0000 300 ‘XI 300000
00 00 000000 0300000000ιο 0 0300000000 00 0 ‘emm 0
003000000000 0000000000 000000) 03000000 00 0000000000 00000030 0000000000 0
‘munds 0000000000 03000 0 00000 ι3000000013ιο 0300000000ξο 00000001 op
0000 mm 0 0000030000 0000030000 M 0300000000 00000 0300000000 0000000
00000) 000000 300000000000 0 3000000000 000000 03000000 0300000000ορ 0000)
0000000000000) 00000000003000 00 ζ00003000 0 0000 00 0001 0300οξ00000
-00000 ‘XI 0300000000 0000000000 qam po 0300000 000001οᾰ 00000 ί3000
-000 [00 00 0000000000 0000000 0000000000 od 300000 ι0300000000000 0000000
0000 00 00 *0000000 000000 0000000000 (0000000000 0000 ι0300000000
000οᾱ 00000000) ι0000000000 00 000000300000 0 0000300000 00000
-0000 0000000 00000 00003000 M 00000000 0300 M 000000000000000 000000 po
quuozovuzffl 00000 00000000000) [os 000 0000000 ι3000000 [00000000000000 00
000 0000300000 000000 000 ι0000000000000001 03οΓ {Rq 000 0000 0030000 300000 ι03
000000ος0 000000 0000030000 M 0000000000 *0000000000οἀεο 0000000100 0 000
000300000οᾰ0 000000) 3030030οᾰ 0 00000000 0000000000 03003000 0000 00 ι00000
-00 ι0000000100000000 0 000000000000) 0000003000 0000010000 000

’3000000οο000 3000000 tu
000 munuc! *0000000οο 0100000 ’00000ροῖ00000 ι 0003000000 0 ’00000οι0000 oi

0000003000 0 00030 00000000 00000000 000 (0000030000 300000 00000 0 ι0000000000 z
00000000 ί0000000000 00000000 03 3003 0000 03000 000000 00003000 ί00000
-00 M 0 30000000 0000000000 00300000 0 ‘1110ss 0000000 0000000000 0000000
-00 00000 pod 0000000 0 00000030 M 00000 00000330 0000000001 03 00000οἆ
00000000000 03 ,000000 0 00000000 00000οᾱ 000 000000 0 ι0000000000 000003
-0000 (1000000 0 03000000 0000000 00 1³ 00000 ’0000030οᾱ 00000 00 000 [oo
-000 0000000000 0 0000000000 000 00000000 {md 0000000 0 ί000000000οο0 00 0000
-0 M 0000000 000 00000300 ’000000 M 03000 00000 00000300 000000 00003000 0
0000000 00000000 000000 0000010 000 0 00 ι000000 300000 (0000000000οιςο 000003
-0000 0 00000030 M 00000 Mutuum ι00000000 00οΓ ‘qu 00000 0000000000 0300
00000000 000000000οῑ0 00000000) 0000000000 0 0000000000 0000000010 0000000000
000000000οο0 0 0000000000 0000000 300 ι0003000030 0003000000 000000 00000 op
0000000000 (0000000 03000 po 0000000 00οᾹ00 [00300000 ί0000000 000000 pod 0
0000000000 00000000 0 03 300000000οο ’00000000 (0000300000 03000 po 00000

600 ’00000000 0000000000 0690 Ἥ

 

