0. 1318. 0000000000 00000000. 81

w 0010000101, 01001010010 10000010οι01 0010110011 00 1 10 101001000
1010100ἰο 100000110οο 010000010111. 1111000001 0001010010 10 010010010
1 00000 0010011 1001000001 0 000010 1100101100, 101011000 000100011000-
1010100, 101 010110 0000000 1 0001011101 111001 mu 00010010011 01010100111,
000010 00111 10 01000 0001010011 00001010 1000101. (111 00000010 0011111 01000
01000 00001000οη10, 0100000οο00 00 00 0010011; 00001010 010 0001000001101
10001001000001010, 01010101101001, 01010100 1001100000 1000001000001,
0110011 0101 00001011101 0 0010100 01 1010100 10 0010010100, 01 0010010100
10 0011100, 1 10001 0101100 01101010 100010000οἰ0 00000 0000 0101011, 0000100
01010101 00000 00110000110001010 1 0100010.

110100 1000101 0000000110 11010001100100011000 010000 10 01001010, 0 1110000 η
01001000 00 0100010010100010100 0100000000 00 00 0010011.

10001 0010 00000010 0 101000 0000001000 000000. (111 (100001
11010011100100011 01011010 100111101001101, 001100000 0100-
010010 010010100001, 001010010 001001011 1010101001 000000 00000 00101000
1 00100 100011 0100010000, 1 101001001000ἰο100010100001000101011000000-
00000001, 101010100000010010001 1101101100010101101, 00100010οθ1 100001001-
0100001 100100001 00100001οη10ηο 100 10101010101 000100010 1000 000101-
11000, 00 01010010010001 11010001 10 01010 1101000 11100100011000
00101001010010001 1000001101 00110 00010100000111, 0100100001 00 0101
00000101110011ε ,00000001 0010100 1 Κο011001, 010 00000001011010 00 0000100
11010010, 0100011 01001000100001000 0001100101, 1 10010 000100001001
1101000 00 10000000 00 001 80110010 0010010001, 00000 11001 0000
00100110010100101 010010010 00000111. Ten 00000000110011010 0010010 -
1 10000000101 10101, 000011 0 0010100000 Κο011001100 0 00010, 1 00 0001010-
010 010110 0 0100100101001010 00010100 mu 01110011. 100101 J 000 XXII, 101
0 000001 11000010 1101000 1100100011000, 10101100101100100101,
Α 010110 0000101 0100101 10 00100001 1100110011000, 0110000 01010100000100-
000010, 1 101 101000 111 001 01000001, 10 go 00101010 10100100 1000010-
0100010 0001011 00011101.

10 10010 0100 1100100000, 1101001011001100, 00100010 00 0101100 1100100.

100011 10001 0010 00101010 J an 010 11001000, 110100110011,

000001010100001 00 0101101 1010100; 000100000 go 0000101110 00010 0010001010
J. magon. 00000 00000. 000. 00. ἱ 01

 

