XVIII

8111011 Iona Alfonsa 111. Aragon. 24. 81111111111111. 11111111 106.

8111011 1111111 11101111 kr. Amg. 25. 81111111 1111115111327.

811001111111111110111 3. 4. 9. 21. 23. 137. 222. 810111 9611 w. 255.

303. 346. 547. 81011111 (1111011111) m. 377. 552.

81110011ιὶ111 m. i 111111. 90. 228. 242. 243. 301. 302. 8111001 (empna, 81011) m. 112. 132. 177.
342 431. 810011 (01101111) m. i 11111. 359. 360.

8110011111111111 23. 25. 109. 194. 260. 341. 346. 81001111 1111111110 274.

339. 390. 409. 413. 419. 8100110 m. 110111. 53. 292.

81100111 gdry 346. 811111 1111111 8111110111. 22.

811101 m. i 11111. 185. 301. 81110111111 m. 518.

8111101 10111. 306. 301. 313. 551. 8110111111 11111111 518.

8111 34. 110. 313. 396. 413. 8110115110111111518.

811111 18111001) 111111. Wyszogr. 414. 462. 811111γή 10111. 333.

81110111 m. 530. 8051111111 margr. 11101111. 269.

81101111 100. 8051511 w. 31.

8051011110 519. 800111 wojew. Ρ100. 496.

8051115019 529. 800510111111 1111010234.

805111111011105.Ηο11111. 8005101511 m. i 11111. 234. 301.

8011011111 11. 323. 80101011 w. 214. 474.

8011011111 1805011111) Κο11111110, 111. 123. 80110 m. 11101235. 302.

801501 1 1116111110151111. PIoc. 321. 363. 405466. 801111 Ι. 11101111 (ΖοΙίο) 111, 336.

801501· syn 11011100(Μο1011010) 404. 851111 ob. DobiesIaw.

80150111 801501110 ryc. pol. 432. 513. 80101011111111111. Krak. 150.

8131111111 1 11111110 406. 80111 m. 33. 56.

8111111151 1 111111111111374,’ 8111011111 m. 235.

8111111161 1 8111111111 307. 800110 11111111 27.

81311113] 1 81051111 320. 326. 331 - 333. 336. 81110111 1111111101 wojew. 1411113994111. 403.
337. 346. 363. 366. 307. 401. 402. 416. 417, 419. 431. 436. 435. 433. 439. 495--491,
411509, 801111 syn 31111101 1111111101521.

8101111111 8111111111 111111. 11111111. 395-398. 412. 31111111 2Τ1100111 podkom. 11111438.

8111111111 1 011101091495. 496. 510111 m· 134. 526.

8101191111 62. 8111101111 1101111111. 11111111. 436.

811119111111 biskupstwo 62, 8111111111 10111111 80111111 KujaW· 282.

8111111111 1111111258, 8111111111 51111. Ρ1οο.290.298.

81011101 11. 200. 8111011061 w. 399.

81101105 105111110111 11111.Κ11111.469. 8111011115 111. 472. 537.

8111111111 111. i zam. 302, 8111091611(11111100001011110111) 3111111111τ 01. 292.

81101101101110111. 520. 543.

81101105011111 11111111 254. 8111091011111111 (811191141011111) 359.

8110101 w. 547. ⁴ Staw m. 134.

8113111111111 m. 357. 8111111110 m. 27. 301.

8113111091·όά 16. 8111111 11101101 (ν. Ρ10101110102011101. 37.

81111110 w. 524. 8111111 11110131151149.

81111111 m. i 1101. 131. 398- 400. 405. 810110 syn Kar. 111111111193190.1013101111.

8111111111111 25. 8111111 5111105111. 153. 170.

samam 11111113. 35. 111. 310. 11111 111111 111111 231.

811111 1135111 111041101101 0101111111. Κ111. 302. 8111111 wojew. MoIdaw. 257.

81115111 (1611110. pol. 542. 8111111 11119111. 1011111051257.

811151111111 Ι. 81115011111 m. 214. 8111111 1 Τ1111190 325.

811151111111101 w. 367. 8111111 51111. 113101. 390.

81111101 m. 242. 301. 8111911111. 520.

8111111110 ob. SkirgieIIo. 81111110 05. (1111111111.

8111911110 syn ‹Ilgie1·‹la, ks. 0111113013. 8105111011 ob. 3100111011.

379-334. 423. 435. 433. 449. 451. 457. 462. 81011 w. 552.
464. 465. 470. 472. 473. 8101111111 m. 520.

81111110 050111111111111. 406. 8101111101 m. 223. 302. 521.

 

