11

Α11111111 1111111. 11. 111115. 11115 111. Cyni, 8111111611 11. 132.
299. 309. 312. 311. 515. 81111111 wojew. 11111111 121.
Anna l. 1111111,111111111111 11. 1111111. 380. 449. 8119111 m. 325.

Α111 11111 1111113111 111. 385. 451. 505. 552. 81111 (8111151) zona 1111111 11. 1199. 19. 93.
Α111 15111 wilh. 11. Cyni, 11111 wind. Jag. 506. 8151111111 15. 8151111111
5115155315. 539. 8131111191 w. 521.
Α11111 1111111. 11111111. 541. 551. 811111 111214. 301. 302.
Α1111115111. 0111113111 (0111311115). 1. 13. 29. 811111 1111. 293. 4
Αροοικο 5111. 111511. 163. 189. 811111. i 1111 224 346. 1
Α11511111 121. 8111111 11111111 224. 285. 283.
Α1191111 541. ’ 811111γ1119115.11111. 28
Α11113 1111 5111. Ρ11111111. 15. 81113γ111 Vm. pap. 29.
Α111111 1113111111 1 1111111111ζ335. 8111119111 ΧΙ. pap. 13. 18. 19.
Α111131 1111111111 410. 412. 811111γ111ΧΙΙ.111. 155. 164. 168. 1811311911.
Α11111 5111. Leod. 416. 81113γ111ΧΙΙΙ. pap. 484. 511. 522. 530. 531. 543.
8111111 5111. 051111. 523. 540. 541. 555.
Α11113113111(Α111111 vino) m. 169. 811119115111. Wesprym. 16. 29.
Α11111111 (Arwlu) powiat 111. 343. 8111119111γηὶ 458. 459.
Α19111γ1111111. 9. Ρ11119111. 392. 811119111191111 011111 38.
Α11111111. 311. 415. 8119111 01115 36. 145.
1111111111 m. 18.192959151313105103. 81111111 1113111191111111. 1. 81. 110104 111. ἶ
129164. 214. 211. 221. 323. 325. 334. 8111111 11111111 1111111511. 14.
8111113 151. 5111. 8111. 241.
Β. 81111111 11. 111111οά111εῇ 439.
8111113 15. 1111111111 V.
815111 111. 1199111. 458. 8111111 ι 81151111 338
8151111111 11. 34. 811111 1111111 8191111] 31.
81511 11. 225. 8111115111 m. 81.
8911181111111. 94. ' 8191111111. 34.
8111111 (81γ1131)11111. Tur. 481—483. 511. 8111111. 11.
8111151113 11111299. 81111 11. 203.
811311115311 m. 111. 8111191611 1161111111 (ΑΙ51 8191111) 11111529. ἢ
811311111115. 1111111. 12. 4919. 93. 191. 381. 448. 4
8111111131 0111111911911. 540. 553. 8111113111 m. 551. ⁴
Bastyk (11111 Oceanum) 214. 8151111111 15. 1111111.
81111311 w. 342. 8151111111 11. 328.
81111 1111111 111111. 361. 815111 w. 242.
’ 8111111111 m. 266. 811111111111. 11. 23. 61. 501.
81111111, 3111111111. 411. 413. 81191111 w. 521.
8113115119 1111. 349. 8115911111. 349.
anatomia] 5111. Β11111, 15. 1115111 VI. Bloldrzyoh4w 11. 284.
8111111111] 5111. 8111511111. 269. 81111111 9111111383.
8111111111] 15. Β111111. 8111111111 11. 531.
811111311111111311151111. 169. 115. 81111111. 521.
8111111 1 Wolnoonburqn (101111115119) star. 811911γ1111111.384. 1

3111111. 331 333- 338 343. 438. 461. 8111111111 11. 392.

8111111 z 8111111111, star. 1119111. 336- 338. 346. 81111111 w. 412. 4
81111111111111111, star. 011111. 352. 361 381. 811111 1111. 31.

391. 393. 402. 405. 408. 409. 431. 811γ1(8γ31111)1111.420.
81111118111191111111111911. 546. 81111111 1111 1111111111. 1111111209214235
111111111911111 111111 111. numu· 11111111 11. 11911. 111.
81111111. 135. 811111 15. 8111111.

81191111 111111. 11111111 11111. 220. 222. 221. 81511111 m. 111111. 313. 392.

811111115111111. ’ 8151111311 11. 119111. 01111111. 392.

8111111115. 8151111111 11. 111111. 11111111. 392.

811111 11. 212. 264. 81511111111111 11111111 01511911. 435. 483. 543. 551 4

 

