61322. 6666666666 66666666. 103

,6161166 11166 66 16616661 Η666616 VI 1616166616 11666166611666 66666
,1 666666 6666 6 666116 66161616; 6 1116 66666161 66 666661666, 11166 66-
,1161 616 161 66Ν6116161666 8116666661, 16 66 6166161 66616116161 w 6611-
,1616161 6666111666 666666161666 61616 616 666166616, 6 666666· 166611 66
,161616 66666 6666666 6666616 66661116 6661666 166166666 1 16166116. 116
,66116 616611 66116 6 666166116666 66666, 11616 6 166166611 61616661666-
,6661 616116666161661, 6666616 616616666666 (16661666, 66 16616166666
,1666 66166666, 6661666166 1 166611γ 6666666661 666111661666616, 6166666
,66116166 1 6 6666166166 616116 666666, 61616666 6616 616 616666666166-
,66666166616; 11616 66 6 06661 6616116 6666616 616661 666666666, 66666
,666116161 16161 666161 6666666 6666661611. 116 6166 661616 66666166 616
,6666661661 666 6666616616] 161 61611166· 16611666]Ι 1666616.“ 1161661611

(166611 66666116 66 Β6166166 161616 Β6666611 66666666161 6166666 ·

6116666166, 66 66166 16116 6166661661 ,166616 66611, 16 6666616 16116-

,66 66666661166 61 66666, 616616 666661616 66116, 11166 666 6116161666 616 ’
,66166166.“ (116 616166616161661 666666· 611611 6616616661, 6 6161666 6666666
16 66116 6166661166, 6661666611 616, J 66 1611 (166611 66616661661666666666
1166616661166, 111666 661 1611 6616616 6666116666 6616666166116 ,616
„mu 661611 Η666666 1 (16111666 (Aureus Mons) 16666666 6 66-
,616616 61 Β61661666 1616616616 Β6666611666, 666166, 16 16111 6661666
,1666 616 661661666, 61116666 je 66666666.“ 166666666611116166166661-
166166, 161616 11661611, 1661 Β61661666 161616616 Β6666611666,
661611 6116666666, 61616 66666666 116 16661666 666666 6 6611616166
6616166661666166666, 61616 Β61661666 16161661611666616611666, 66666
6161611 6666 66166161, 611616166166611 666616661616616166 1 616 616661611
66116 6666· 66166166. Ten 16116 6166666 616 16 16116 (16661166 6, 616161-
6661, 16 66 66666161 6166 16166166 116616116, 11166161 Β6166166661
161616616Β666661166666 16661616616 16161 166166661 66666166 66616611,
161661666, 16 6661661666 16166166 116616116 1661 6666 1616161666, na¹ 66
1 61666 66661666 616666666 1166161161 6616661. 11611 (166611 J 66,
666666 6161661 661616666, 66161 16 616116 61666116616666, 6161616616
1116166166661 616661616161, 16 616 66666111; Β61661666 661 1616616616

Β666 6611666 6111161616116661 66666616666 6 6616 161666616, 616161 ’

mu 61666 616666666 1166161161, 1 66666161, 616 6611616166 66661161
1661666666 Η666616 161616616111666166611666, 66666661116116 661
ι1666 1 1611661661 1166611666 666666616; 6 6666616666 66616, 6666 66 11-
6616116 16166166 61116666. 1616661666 Β6166166 1616161 16666611 16-
11166 61616166661666, 666166666, 16 6661616666 66666 16666111 6661666611
16616 66666616 161 66666661666, 116616 6161 16116116 16 616666, 1616666
61666116 6161666661666666 616166616666616166, 6666616161616616611661611666,

 

