38 1111111111 1111111111. u. 1308.

111111 1101111, w 1111111 11111 111011 1111 11111011 11111111 111111 1011111111
11111111,11111 1111110 111111 11 1111111 1 1111111111. 1111111110 11111111
11111111, niaco 11111111 10111111,1111111111 111111 1111111111 (1111111111 11111

1 1011111111, 1 11011111 11111111, 1 1111111111 1 1111111111, 1111111111 11111111
1111111.

11111111, 1110111111 11111 1111111110 11111, 11111 111 111111 1111 omli 111-
11111 v 1111111111, 1110111111 111 11111011111111 11 lubun.

Kaplan 111111, 1111111111, 1111111111 Emungam, 1111111 11111 111111
(11111111011111111111111111111111111111111111111111111111010
domu 11111111111111, 1 1111111110 111111, 11 1111 11110 101111111011111111

1111111110,111111111101111111111111111111111111,110111111 ,

1111111111 do 1111111111 1111111111 111 111111 111111011101111111. 'Pu
1111011111111111110111111 1111111111 1111111111, 0111111111 im: ,1111111
,11 jedna, i 1111111111111111110111111111111 1111111 11111111 111 0111011.“
Ρο111 1111111111 do 11011, 11111111111111111101101111111111 11111111 0111
1111111101111111111111, ,111111 111111111111 111111 11111111 11011111-
,1111111111 111111111, 11111 11101111 011111, 1111111111 11 1101111111 wol-
,1011111111111111111111, 1011111 1111 11111111 1 1111111111.“ 0101111111
11111111 111011 11111011 1 111111 01111011 1111 11111 Η1111111111111011-
1111110, 11111111 sie: ,11 11111111 1111101111, 1111111 11101111101110111111
,Η1111111, 11111 11 Βο1111111 1111111111 (110101111110 11111111,
,11011110 1 1111111110 101111 1111111111, 111 111111 111111111011 111 111-
,10111111 1111111111, do 1111111111 11 krol Η111111 1111111111, 111 (1011101010
,11 1101011111 1 11111011 0111111101 pomam« Β11111111111ι ,1111111 1011-
,11111011111111110110111110111101111,111111111111,11111111111111-
,111011 11111111 (1111111 od ο1111101110111111111,011111,1 1111111 1111111 ’
,’101111 11111,111111111ο11,11111 11111111 10 11111011 1111111111( Po 1111111
01111111,1111111111111 11111 1111111111 11111111;111111011110 11111 minato
111111 11 101 11011 0111111, 1 111111111011111111111111111111111110 111111
11. Α ng 10101111111111111111, 1111111 1111111 do 1111 10111111 pano·
wie (111111, 11 1111111111, 1111111 11111 sami 11111 11 1111111 1011111011 111
111111Η1111111 (1111111111 1111111111, 11111 10111111 11111111 Η111111011
0110111111 10111011. Ζ11111 111110, 11 11111111Ρ111111 111 mog} 1111-
111111111111111111111 110111111111111 11111111, 1111111111 11111111 11111,
11111111 1111111111 11 111111 Ρ111111, 1111111111 -1111111111111111, 111
1111111011111111111 01111011, 1111011111 go i 111111101111. 111101 11111·

 

