1. 14011. 1111111111 11011110. 5119

1111101111 11111111 111110111101111101 11111111 111 11111111, 1 11111111 11011
11010 011111 111110110111111, 11111111111011111111, 1101111 1101101111
110110 11110110 11111 1111101111 Ρο1111010; 11110 111110 111111 Βο101
1110110111 0111111111 11010 0111011111 1 1111011111, 111101011111111010111
1011011111 1110 11101011 1011110111 110 11110011 1111111 1 1011111, 111110
1101011111 1110111111 1111111111, 11111111011111 1 1111011111, 1111111011
Κ11101111,11101 0111011110 1111111111 111011111, 111110111ῃί0 10111111-
1011011101011111111, 0111011110110101111110111110101 101111111110 1111111. hubo
1111111111111Κ111101011Π 1111 101111 111011111110111, 110110-
3111111 111111110111 1111110111, 110 go 110 (1010111111. 111111111111111
111 110110101 111011111111110101 1 1111101ἰο 11101 11111111111
11111 Ρο111101011110110011111ε1101111111Κ11101111,11110111
Κ1101111111101111111, 110101001111111111101 Ρο11111111,1)1-
11111111111111111111101111111101111,11111111011811-
1011111111, 11111) 111001011011 8101111111, 110 1111111 11-
111111, 81111111 11111111, 11111101 111101101111, Κ1101111
11110111, 10101010110; 11011 1110111 11101111, Κ111111 1 110·
11011111 81110111,1111110 111111011111, 1111101111,1 1111111111
1110110110111 101111110111 111101111Ρο1111010. -

111 damon 1011110111111101111111111111111 1011101 1011111111 1111101111.

1101111111 1111101111, 11101101111011101111110 1 1111010111 1111-
11011111101111010 11111 110111111011, 10101011810110111011110·
go, kt6ry 1111111111ἀηί 110111 1111110111 1111010110101111111 1 0111111 ¹
Βο101 w (1111111111 110111110110, 11111110 1101111 tego& 1111 1010101111]-
Sandomiorskiego‚ 1 1110111111111 01101011 101011100110111011110-
11101 10110111111 pod 1011111011 1111111111101 Μ1111 11011, 1 11110010 10-
111011111111111010, 11111 1111111111 11010 1111111. Ζ (1011101111 111 110010-
1010 111110111111011110101111101111110011 11111111, 1101011111, 11110111
110111 1111110111 1111 11111010 1 1110101011110 1111 1111111111ιηί 1011101111,
11111101 1111101111 1101011, 1 1111101111 1111110110110010111 1 101111 111-
1111111. 1111110111 111110 11110 1100110 1 1111101111, 1 1101011101 1101110111 110-
1101111111110101 1111101110, (1011111101 1100110111 1111111 S. Β111101111011
1111111011. 111101111010111 110111111 1011001011111· 10100111 1 1110110011
11010111 1101101011111011 1010101110 8111011011110110 11010 10-
10111011, 110 11110 pici 10111101. 111111011111111111 111111 1111111111, 101-
1101111 0111101111111111010111110 1111111110111001001110 1 11110100, 111111
11111111111111111 1 1111011111. 1111111111 1111111011111111111 11-

 

