204 1111111111 1. 11. 1345. -

1111111111111 1111111 111 111111. Ale 1111111 111111111111111111111 11111-
11, 1111111111 11111111 111111 1111111111 1111111111 1111111111, 11111111 11111-
11111 111111111 1111111111 1 11111111 11113111, 3111111111111111111111-
1111111 111 111111111111111111, 111 111111111111111111111, 1111111111]
11111111] 11111111 11 Ρ111111111111 1 1111111111.

1111111111, 1111111111111111111111111111111111111111111, 1111111
1 1 11111111 11111111 1111111111 111111.

111111 11111111 1111111 ugit 1111111111 11111111111111111 11111111 do
11111111.

11111111,1111Ι1111111,1111 Κ1111111111 1111111111131,
111111111111 Κ11111111111 11111 Ρ11111111, 1111111111111118111111
(11111 by} ojoa jego Κ11111 1 11111 11111 1111111111 111111 1 1111111111
111111 111111111 Sy oylijskiego, 111 1111 11111111 1111111111), 1111111111
11 8111111, 11111111 tego& 11111111 (111111 1111111 111111111111111
jedynaka Κ11111 1111111 1111111 1111111111111111 11111111, 1111111111
¹ 1111111 1111 111111 11111 J 11111 1 111111), J 1111111 11111 11111 111111-

1111111Κ11111, 11 1111111111 Β11111111 XII 1111111, 11111 1 11111-
1111111, 111 11111 111111111 Sycylijskiego 11111111111111111111-
11111111 1 do oboyoh 111 111 11111111. ’1111111111111111111 1111111111 1111,
111 1111111111 111 1 111111 syna J 111, 1111111111111111111111111111111111111,
111111111 1111111111 11111111 1111111111 1 1111111181 1 11111111 111111 11111
1111111111111 1 1111. 11111111 1111 Wegierski, 11111111 1111111111]
jego 11111111, 11111111 do Sycylii 1 1111111111 1111111111, 1111111111111111-
11111 1111111111 1111111 1111111111. 3111111111111111111111 J 11111 1η
1111111111 11111111 1 11111111 1111111111] 11111111111111 1111111
1111111111111111 1111111. 1111111111111111 1111111111 1111111111 1111111111
11111111111111111111111 1111111 111111. Ρ111111111, 11 11111111111111111-
11111111 sie 111 1111111111Ι 11111111 111111 11111111 1 1111111111 11111 111111
1111111111 1 11111111 1111111111 Ludwikiem zTarantu, ktJrego
1 11111111 11111 11111111 1111111111111111, 1 1 111111 1111111 11 Fran-
1111111111.111111111111111113111111111111111111111111111111
1 1111111111 1111111111 11111111 11111111 (111111 1111111111 11111 1111-
1111; 111111111111111 1 11111111, 111 11111131 11111111111111 1 1111111 po·
11111111 111111, 111111 1111111111, gdzie 11111 1 1111111, 111111 11111
1111111111 1111111, hojnie wynagrodzil. 1111111111 111 J 111111, 111111111-
dem, 111131 1 1111111111111 1111111 11111 11111111 innomi 11111111, 1111111111
Κ11111 1111111111 1111111111, 1 111111111111 syna 11111111, 111111111-

 

