12f1376. mnwm. 111

1111111011111111111, 1111111 1011111111 11 111111 1111101 1 111111
11111011 110111110101011111111111 111 1111111111 11111111111111, 111111-
11111 11111111101110, 11 111111 1111111111 11111 11111111111110111
11110 011111111 nie 1111 111111111; 11111 1111111110 11111111 111111 111
18111111111111110111111110101111101111111111111111010-
111, 11111111 11111111 11111111 od 1111 1111111111, 11111 11110 1111
1111 1111110111111. 111111111111111010 11 111111 10111111, 11111 1011111
go 1 101111111111 11111111111111111111; 111111111 111110 1 111111 11
11111 11111111111111110 11111111011 110111 1111111 111111 01011111111.
1111111 1111111111111111Β1111 101111111111 11101 Η1111 111111111
10 8111111011 11110111, 11111111111111, 111 11111111 11110 111111111-
111 0111111 1111101111, 11111111 1111111 0111111011111, 1 111111 111111
111111 1111111111. 1111101111 111111 101111111111110111 81111111,
1111011111111110011111111111111110111111111181111111111111
111011111111111,111Β11101101111111111111111,1111111111
1111111 11011111 111111 1111111110 1111111 111 1011111. 111010 111111
Η1111 1111111 1110111111111 01111111, 11111111 11011 10 1111111111111
1111111, 10111111 111 10111111 0111110111 10111111. 11111111101011

111111 0111110 111111 111110 1111111111111 1111111 1111111, 11111110 ,

81111111· 11110111 1111111111111Ι 1111111 11111111111111111 10101111
11111 101111111 11111111111 11111110, 11111111] 1111111 1111111111

10 1111111, 1111111111111111111111 11011111111111111 1111111, 1111 111- .

1111 111111111111, 01111101111110111, 111111 1111111111111111 1. 111-
111 1 111 1111011, 1111110111111 1 1111111, 1111111111, 111111111111111
111111111. 1111, 1111111 11111111 11 11111, 1111111111 11111 1111111111,
1011111 sie do 111 11111111 11111111111. 81111111· 11110111, 10111-
111111111 1111111 1 1111011 111111111111111111 1. 111111 1110111-
11, 11 1111111110 01011 10111111. 11110 11111 11111111 po 111 111111110-
111 11111111 1111111 1 1111 1111 1 1111 101111111 11111 11010111,
11111111 11111 1111 1111111111111011111111111 1111011111, 1111111111
111111 1111111 01110110 1111, 101111 sie 11 1111011110, W tej 11111 101111-
11111111111111111181111111111111111111111111111111 1110-
11 1110111011, i. 1111111011 do 01011, 1111111 10111 111 1111010 1 1111
0111111111 11111. 1111111 111 1111111111 11111 Η1111 1111111111110
111111, 1111111 111111 11111 110101111 1111 1111111111, 1111010111
111111 1111111 110111, 10111011111110110 101111 11111110111111, 11111111
11 1111111111101111111111111 1111. Ζ 8111110111111011111111110-
1011111 1Β11101111 1111111111 11110111, 1111111111 1111111-

110111 10111111011, 111 111111111 1111111, 11 101110 1011111 , 1111111
J. 1111111111. Molo Palm. ΚΙ. 1, 43

 

