11. 1396. 1111111111 11111111. 485

1111111111111 0111111111, w 1111 101111111111111 11111 1111111111·
11111111, 1111111 w 1111111111 11111111 1111111111 11111111, 1Κ1111111
1 01111111 1111111111811111111111111 1 1111111111 1111111111 1111111
11111111111111111111111111111 011111111111, 11111111111111, 11-
11111 111 1111111 111111 111111 11 111 11111111, 1 11 (11111111111111 11111
01111111111111111110111111111 11111111 111111, 1111111 11111111

11111111 11111111111111111111. 111111 11111111 1111111111 1111111 Ι

11111111 1 1111111111 11111 Κ111111111, 11111111111Β1111111111
1111111 111111111111, 11111 11111111111111111111111 1111111110111-
11111181111111111111111 81111 1111111 1111111 11111111. ’111 1111
11111111 111111111111111111 11111111 1111101111111111 1111111110111- ’
111111,111111111111111111101111111011111111111111,1111111-
11111 1 1111111,11111111111 Polski 11111111 11111111 1111111111, 1111
1111111111111111111111, 1111111111 111 11111011111111111 101111111111-
1111 j 1111111111 111111111111, 1111111111 1 11111, 111101 Polski, 1110-
111 1111111 11111 11 1111111 11111111, 11111111111111111Ι 1111111 11111 do
11111 011111111111 1111111111. 11111111111111111111, 11111 Κ111111
10111111 1111111111 81111111111111111Β1111111111 w 1111111111
1111111, 11111111 111111Ρ11111 Κ111111 v. J 111111111 1111111111111-
11111 1111111 1111111111 1111111111. Κ111111 1 011111111111111111-
111, 11111 11111111 111 11111111, 11111111 od 1111111111. 11111111 1111Ρ11-
ski 1111111111 1 11111111 11111 1111111 11111111, 11011111 11111111
111111111 111111 11111 111111111111111111011111111111, 1111111111 111-
1111111111 1111 111110111111, 1111111111 11111 11111 11111111111111,11111-
1111111 1111111111 0111111111, 1111111 111111111111111111 811111
11111111111 1111111111 111111111111, 111111111111111111,1“11111
11111111, 0111111111 1 Β1111111111. 1111111 1111 11111111 111-
111111111111 11111111111 11111111 1111111111111111111, 1111111111
11111111 111101111111111 11111, 11111111 111 11111111 11111 111111 110111
1111111. 01111111 11111111 1111111111 1111110111111 111111 11111 0111,
111111111111111 1111111111 111111111111111111111111111111, 11
111111111111 1111111 1111111111 Ρ1111111ο 1111111111111111 11111111 1111
1111111 111111 1111111111 w 11111111 111111 1111111111. 1111111 11111
11111111 1111111111 11111111 1111111111101111111 1111111111 11111111
11 1111111111 11111111 11111; 1 1111 1111111111 11111 Β11111111 111·
111111111111111, 11111111 1111111111 111111111111Ι 1111111, 11111 11111111,
11111111 11111111 111111 Β1111111111, 111 1111111111 111 do 1111111
111 11111111, 1111111111 1111111 11111111. 11101 1111011111 11111, 11111-
1111111111 111 11111 1111111, 11111111 1111111111 (1111111 111 11111, odda}
im 1111111111 1111111111 111111 (1111111111 11 11111 11111111 1111111111

 

