131341. 3331111333 11. Ι 215

331313311111 3313131311 (patronus) 13331313 S. Jana 01133131313
1813131313133. 81333131 13 3131133 13113133131133313. Po nim 13333311
113318331331 1311311311, rodem 3313311313, 113113 11311113, 3331311-
3131331131333113Ρ31311333, proboszcz 13331313 S. 11313313 11313311
1113133311, 3133113 1 3331113111 31333 3111313.

11131111311133131311, 11333133 313 11113131 11133333 111311, 13331333 3131311
8333113; 313 13 13313 3331313 133113 11313111 3313111133 311333 33131113, 311-
111111 3333131313 3 8333111 1113313.

1111111111 11311133131311, 331311 313113333θηί3 313 11111 1 1131331333]
31113131 111313 311333 1111113333, 11313 8333113311333, 3311133333 113113
13333113 1133313, 11131313313333 31113311 3113333111 1 33311333 3113133131111
1313131331 1113311, 3331333333 1133131311 (13 13 Scala, 11131133 113-

13331113, 11 31331333113133133113, 313331313333113331131313,11311313 .

1113113113 31133331 do 3131111 1133331113331133, 1113333131 1133· mio-
33311, 3311311 1313113133333333331. Α 3113 33333331131131 3131131113 3113311-
1113331 131131131313 8333113333, 3111113311 3111311113 3133311313113 ,133113
3333111313, 11313 w 311 3333 3 drugim 11313111 11333311 3313311331 1131-
1131333113 j 3333333313, 31333311 313 3333 3131133, 1131 11311311 31313- ,
1311333 311131313 131) 3331311311 3311311333 3313313333 113 jego 1113313 131313-
nego, 311331 133113 8333111 1 311333 11113111331333 3331331113 je 33131131, 31
31333313 3313313, 3331313 1113113133 11, 13313 (113 3333133113 3313111 333131
by} 1333333333 1111111313, 131113131311131333 Portuenskiego, 3131313
3131133· w 331 33133311, 11 J 331113 3113331313 133113 1131331113. 1131133131 11311311-
daie 1131 1111111111 3133311113 313 3333313313ῃί1 8331133 133333131133, 313 gdy
w 11333 113331311131131111 13333313313 313 3133113113 331333, 31333333313
33113313· 11313113, 1113311 1131133131, 3133113331331381311331133-
313131133 3113313 3131333113. 113331313 111131 3 33113 do 1133131 33131111-
313313, 11313113 311333, 3 133113 3133331333, 11313 11 11113 dni 3133311
311311. 13311113 333, po 1333313113 3 311333 1131331113, 1333131333· (13113-
1311331, 311313 111313 3113313 3113333313 3313311, potem do 1131131331
3313113; 131333313, gdy 1133133 3333311113133113 (13113311, 13111311 333333313
3311333313 jej 31 do 333113; 133113 1131333113 3313333313 11331333, 3113133311
133 13111333 1333113111 1 3133331133313, 131 11 pod 1331311 1131313 3131131113 33
1113133331 333333311311 1131111313.

 

