-0000000 0003000 ’00000000 03000 0000000 0 [00000 000000 00 0000000000οι0
000000 000000 003000 00 00 0300000000 0000000000 0000000000 00000000
00(Ιο 0 0000000νο 0000000000 0000000οη 00 00000000 00000000 0 000
-0000 0 000 0000000000οΗ 0000000000οι 0 0000000000 00000000 ι000000
[00000000 0000000000οᾱ0 0 00000000 000000 (000000 00000000 M 0 00000
0000ος {Rq 00 0000000001 0 ι0300000000]οῙ 00000000 00000000 0000
00000000 000 000 400000 000000οο0 00000000 Ι30000000 0000000000000 0 00000
-0000 0 0000000000 000 000000 0 000003 03000 0000000 0001 000 ι0000000
’0000000 00000 [00000 0 ’0000000000 00000 0000000000 g 0000000 0000 0 000003
0000000000 00000 000 000000 00000100οο00 0000 0000000 000000 0 ι0000
-000 od 0000000 000000 0 00000001 000000 ι0000000 0003000000 [00000001 000 000
*0003000 000 00000000 0 00000000 00 00000 0000000000 0 00000010 ι00000
00000000 0000000000 000 0000000000 000000000οᾶ 00000 0300000000 03000 00
0000000 (0000000000 000000 00000000 0000000 00000000 000000 ι0000000 (00000
ι00000000 000000 ι0300000000οῙοΙ 0000000000 0000000 0000000000 ι00000000
0000000Ᾱο [0000000000 000 0000000000 0 00000000 00 000000000 0000
-00 00 M 000 0000000 ’00000000 0000000 0000000000 0000000000 0000Ιο 0
000 0000 00000000 0 000000 00000 00 0 0000000000 0 00000 0300000000 0000000
00000000 00 (0000000000 0 0000003 ‘modo op 000000 0000000000οᾶ 000 000
0000000 003000 000 0 ’00000000 0000000 0οῐ 000000 (0000 [0000000000 000 000000
0000000000οᾰ 00000 00 000000 (0000000000 0000000000 0 0300000000οΗ 00000
0000000 0000 0 0000000000 000 ξο0000000 0000000 000 [00000000 00 qul 0000
-000 0 00000300 000 0 (0000000 000 0000000000 00000 0 00000000 M 000000
03 000 ι000 0000000000 (0000000000 000000 00000 000000 000 000000 ,,·000“
-00000 000 000000 00000000 00000 000 (000000 0000000 ι0000000000οᾱ 00000 000“
-000 000000300οο 0 (0000000 03 000000οΓ 00000000 00000 ι000 000) ’00000000οΰ
0000000000 0 00000 000000 0 0000000 00 0000000 00000000 00 0000000
-00 0300003000 000000 0 0300000000000000000 00000 0300000 0000000 000 0000
off ‘mopvgffiso ‘qogqsmoqu 0000000000 0 00000 00 0000000000 0000000 000
-0000000 0 00000000 00 03000 0000000000 00000 ’00000001 0 00000000 00000
-0000 0000000 000 (0000000000 0 03 0000000000 00 000000 0000000000οιοἰ 000οΓ
(0000 00000 000 00000000 00000010) 000000 00000000 »0000030000 0000
-00 0000000 Ι000 00 00000000 00000 *000000000000 0000000000 0 00000 ”
-00 00000 000000 (00000000000000 000000 03 000000 0300000000 00 (0000000000
-00000 0000000 0 0000000 00000 000 000000 0000000000 0300 0000οο000 000 00(
003 4000000000 0 00003 00000 0 00000 0000οΓ ι0000000001 000000 0000000001 0“
000 0000 000 0 00000000 000 0000000 0000 0 00000 00 0000000Ὶ 00000 (000000οΨ
00000000 0 ι0000 [000 00000000 000 ’0000000000 00 0300000000 ι0000000α
-00000 0300 0000 0 00000000οΜ 03000000 0000οι ’0000000 00000 000000
000000οῐ 0 ι0000000000οῙ 0000000000 00000000 000000 00 00000000 00“

’8131 '²¹ ’00000000 0000000000 99

 

