48 000000οΑ0 00000000. · . 0. 13111·

Po inioroi 1000010 101οὶ0010 11101100010010 0011010 0100001101 mmm
10110110 1000001 01011, 01000101 niatu 10000010, 0100000000ιο 1010101 10-
1010010010001011, majo 0101010010 010010 1001010100 (1100000111, 0101
00001010 000010 00111 1 aazia. 1100000010 0000010101 10 00010, 0 010101 111
000001000100010 10100 0 00010 0100001011 1000101101 010 1101101 10
00100101 1 0001001 1001010001 0 1011001010 mmmmm.

11010 101001010οο 11001010 Henryk wielkopolski i 1110000011
0000110101010110 1100010000 0001010000 000101. 11101 00 00100001 sy·
010, 0 11100010 Ηο0001001 1001010 010 0 00101010 10100100 1000010110,
Κο0001001010000,10000101001000(81100010)1(1100,1000-
000100001 1110010, 001010100οἰ 1011000 0000010100101001. 1101001
11101100010110 j 10100 0001010 010 01000001 01010100 00010011001001
0000010 1110110001000 po 1010001 101010010 Ηο00010 01010011 01 1000
00010, 011000 11 010000100011 0100011001 1 001000010οἰ 1100010, 111000
101101000010111, 010 00000101 0111010101 00100111 00010011· 10101 00
01011010 0000001000 0110101010 010011 101100 00010 1 panem 101010010
11101001000100110110, 0000000000 0011001010 01 0001101 0010000101-
0100 00010 101010010 Ηο00010, 010 0100 000011) 001011 10 0000110101
00010000 00000 101 0101000101οηἰο 010 01 1000010 000101 101011, 1101100100
1010110 00100001 110 0001010] 010100 001011. 11011, 0001001000 0010-
000010 10010010 00010110 100010 110110001011010, 0100000000 110·
0001011 1000001 00101 010010 100001 101010100 (1100000110,
101010 0100000001οο 01000000 1010111 001 1010100100 1000001011 00
00000010 00010011 1011001000 10100 0001011, 0000 000000 1110000 0101110

0001000100000101 00 0001010010 1 1000011001 100001011010; 0000100010 ,

0000011101000, 0111110100· 00000 8000010010 0011100100 1000001011

0100· 0001000000 10010 0100011. 111010010010000000100000011110001110. ³
10110, 010 001010 1010110 0001010110 10001000 1 00010100110000010000 ¹

0001010, 00 01000010 0100101, 111001 0101000001 0100000000100001011
10001011, 000100001000 1001001000, 10 10100 0 00010 0110001011 100001-

011011010100010 00100101 001 00010010 000010101010011010100100010101- 1

100100 1010110οο 010 0101 101 0000000000000.

10 suia 11000110 11010010 11001110 00100010 00 0101100 100 0011001000

1001100011 (Altus) biskup 110011, 000001010100000 00 0101100 ³

1010010001010, 000011 0101001010 1100110 0001000000 000101. 10 010 nan ’

 

