01324. 0000000000 00100000. 101

00 110100 1000101110] 0101100, 01 00000010 00 0010000010 00011010010 11001
0100010000 000101 00 00100000.

non 0001000 nm.

1110100100 101010101001011, 010 00000 010 001001 00100100( 11101010 1100·
um, 001010 010010 1010001010 01000010 0000011011001101011000.

(1101110101 1 10001000 Ρο0000 001001000001100010001011010000-
010 0010010101, 1001-100000101010100010 00000100001 1001001000 010010 00
0100010111, 001011 110 0000010 000010 0000100001, 1110100100 101010110-

10000011, 100101010110001110100100010010001,0110001000οθ- ·

010 101 00010οι0 0100000000101010 010101 00000000] 0100011 010 01010, 0 00
0101000 0100010100 010, 010 jj Κο001000 010 000010οΙ1 00100010 0000000010,
00100101000100000101 01000, 1 10 1110100100010110101011000, 11100
001 00 0000 0000100001 w 11το10010, 0100000 010 0001011010, 110001 go i 00-
111001; ,01010 00000 1 0101001000 100010001, 010010 00 11010οο1010
,0100101 101010010 110100 0001100, 0 10010101 001001 010100010000100 00-
,1010010 0100001 0001 001011, 1000000001 mu ι1010101010100, 0111000100000
,0 000110 010000οί0 10 00000 01000 00001010 (0101 01000101, 0 11100 001000
,000100010101000001110000100010, 10 ningo i do 10100100 Polskiego
,0001101110 (0101οε 0100100011010000010 0 001 00001001 1 0000001001
,010 0000101 01 01000 00001010 0000000, 1110 010 01010010100000010010-
,0001000 0110 110001011οβ 1100001100100, 10 010 0101 10001011 10 jej
010000. 1110100100 krol Polski, po 000100010οἰ0 010010 0001010010001
00010, 1101010 000010010000000000 11101001000 1010100ἰο 11010001-
011000, 1100010100 00 00000 1 0010011 0011001010100, 0000011 mu 010000·
01110101, 0100010 1001000 1 10100100 1000000110, 1000001010 0011, 1001010101
1 01010 00100101 10000001οιοἰ 00000010 1010000010 010010 00000010001000,
10000 1 0101000000 0100010001 0000010 101000101όο 00101, 0110001, 0001001
10 0000100 000011 0001010010 000 001 0010101 01000 10100100 11010000-
0110. 11110000 010 0101011 1 000110 1000 10100100, 00101 010 00011010 10010
1110100100 1001 Ρο1011 jego 010000, 0010010010000 10100001 1 jej 00-
0000100100, 00 00 10000101 010 00000101 00110110; 00011100001001010 01101
00000100001010101 010101, 000010 11 01101010 1010101000οω 00011100 00100
00000010101. ’

 

