01328. 0000000000 00000000. 111

0010000111 1 80010 0001101000100011, 0001101000010111 00100010. Α 111
0111 010010οἱ1 10 01000, 01000010101100, 011000010 10010100 0010011
1011101.

nuk Parium lm.

1⁸ 10110110 1001000101 10001 1010101001 1110110100 1011 1010110100

01100010 00101100, 100001 101100010100000 0 11001101 1011100100 10ιο

vicatim, 0 001000010001010100 1 0100000 010010 1101011011. 00101οι10 10
1010 100000.

1110110100 1001 101011 011000 0 01000110 01001100100, 10 0001001 ’
0 000110 000100101οἰ0 010100 1 00100 1001101όο 10001101 110100 110-
01010101 1001101010100001100000 1010000111, 1010010 10000010, 1010-
101010010101 0100001000, 101 01 101111010 1001010010 0100000000 01100101-
0011, 0 101010000001 0010101100, 00000000 00011 1 00000010, 00000101101

1000 Βο01101 1101011010, 1110001 11101101001011 Ρο1011 10 0110010
00000000101001 100000110100110001 101 00110011, 00010010 010 001100-
0011; 00010100 01010, 10 01110 10000 01011 111010101101 1110 110 01010100-
010100000, 111 Κο011001 001011 1001001101100101010, 011011 0010000 01101
01000011, 010101100101001000100010, 00000 10010101 101000111 1100οτ 00-
1001010101 100001οζ 010 0110000, 1110 00100 1010100001 1001111 01010010
00010 Κο0010 10110 1101100011010 1 100101 1010101 1010001000101,
1001000011000100 100101011 0001 1001011 1 01010100 1100110110 0001001001
0101011. A 111 0010000 1100010 001010101 0 0100101101 1 1001110010101-
00001 00001011001011010101010, 0 100100 101010 01000011 10 01001 0101010-
01101. 1110 100000 010 1100100101 00101100οἰ0 01001 1 000110, 00010101
1001 01 10 0000 0100100011, 010101 1 10001 010110000 001000011 101010.
A 0110100000001 10 1000100 0101010001 0010 010010 (1101010010, 111
0111 mu 010 010011 01000 (10011001 100100 1000010100 00 0100010 00-
01010 1010010 1 0000001, 010 0101011 0111010 1001101 11101 101000οἱ0 10
00111 01010111, 00010101 1001 00110 010 001001 010001 0101001001011100
101001011011) 0001001000 01011000, 001010010 1100 001011 001011 10
101011 100001000011010 0 Κο010010. Tu 1000010001 0010011 0100-
0000, 111001 0010 1111 00 01100010, 0001000000 010100 1001110010, 0111-
01010 1011010 0 01000 0001011 1 0100000010 000100 000011 1 01000001, 0 10-
1000 10 100000 01100011. 110100 001 0100001 1011 0000010 1001010010 11000-
010011010 11001000, 00111110010, 10 01010011001010010101100110100
100010 1 0101010 0 001010 1000101 101010 01001010 10100101 1001000000100

 

