244 66666666 6. 61356.

broni} 6661666666 6161616616 1661616616 61666661 161661, 616 66666 661
6666116 66616661 6666· 66666161, 6166116611 66 16116, 16 161 116 nich 6666-
166616166661666ε 6166161 66661616 661666161 61661, 6 66166666
6666666666· 6161611616666666 61616666] 66666616. 161166166 66166Ι 6666-
661611166, 116 666666616 666616 666666661 61661 616661 61616 6616161611166
po 61166611666661 1 6661661 6166666661, 6661616666 1616661666666 61
1616 66666 1611666 11616116, 616616616 6616166 1 6666166, 1 161 661661
666616 1 6611166616; 6616 1616 66666161161666 6161611, 16 616661 666661116
1666 66616 61666116 6616 666 661616. 16666666 66116 1611666 Ρ61616
11616116, 11166 6 66616 166666166116, 66161616 6666616116 11661-
66166666 666161 6666666666, jak 66666616 6616 1 66116 6166616166 66-
616166616, 166116666616116166 6166 161166, 1616 66 666661116 16616111
6616166161166616 jad 6661666666, 616 ju& 116166Ι 61666616 661611 161166·
66166661, 11116, 66666 161 111616 6161661616 61661616, 61666666 6666616, w ja·
kiej 66661616, 6 16161616 666616661661 61666666161666 66161616161166·
61161, 66166616 16 6666 66666 Η666616166166616 Η6611666 66666 66616 ’
111616, promo: ,616 66 6166· 6161611 116116 6616611, 6666666161116
,6666661666 1666, 1 616 161 jej 6616661 116166 66166616 666166666166
,1 6666616 66 66616 1 6666116611 66161616.1 1116161616 166166, 16 66116661
jej Κ66161666 1611161611, 61666616 66 6666616661 1666661661611616-
6161 66616 6616661, 616 16116 66661666616666661 66166 616 66666611, 616
6166166666 61611616 6666661. 16161 616 6666616666 66 6661166166-
16161661, 11666616 66166 661661616666 6616, 6666161166 1161166666,
16166166 66611166 v 66616, 6 Pragi (61616 666616 16661 1 661 66666166611661)
6666661616666, 1661 66666 66116 66616161; 616 16 61611 6161166 6616 6666-
6661666 61666161 616 6161616, 1661666 66 666666 J 666 66616 ’166166-
11666, 66661666666 6 66616 11616616, 1116666 666 661616 661161666 Κ66-
166611666, 61666616 616 6 616 16666666111616, 66116 616666· 66166116
, 16116161 6 666161 6616 1 616661. 1166661 666616 16616661 Η6611, 6616
661666 66611661666666 61611, 6666166666 16 Ρ61611 166666166666 16161-
66666, 661661 161166611616116 6 66166 jej 1666666 6666611166 1 66-
66166, 661161 6 Z 6666666 1616 6161666666 1116661616 1 16 Η66661
6166661611, 6 6616 Κ66161666 1611 Ρ61611 16666 61666616616 161661
66 616 66666111 6666661616. 11161166 66116 66666666 1611666 11616116,
6166166666 166 616166 1 6666616616 66666 6616 1661616666 16116 Ρ61-
611666, 666616. Κ611 661 Κ66161666, 1616 6 6661661666] 661616166
666666· 1611666616, 616161661 jej 66616, 616166 616 6666116661, 61661611
66166 6 1666661116 6666 611661 66661616, 16 61616 61666166, 1616666616,
6 1611616 166166666666 166616616616616 666 616 66666616 6 166 66616661,
6616616166166 61 616116 6116111, 6 6 jej miejsoe 6616166666 1611616 1616·

 

