1111111111. 11. 1341. ,

11111111161111111111, 11111111111111 11111111 1111111

11111111,11111111111111Ρ111111,11111111111111111111111-
11111111,11111111Κ1111111111Π, 1111111Ρ111111111, 11111111 11111-
1111111 8111111111111111111111111111. 1111111111 krol 11111111 111· 11-
11111) 1 11111111 1111111111.

nou Panium nn.

Kuimiorz 1111 111111 11111111 w 1111111111 1111111111, 11111 1111111111 1111111
go, 1111611 11 111111 1111111111 1111 Ι1111111 111 grum Pmkioh: 111
111111111111111111111111111, 11111111111111111, 1 111 11111 111· 111 11111111.

Κ111Κ111111111, 1111111 111111 1 11111111111111111111111, 1 111-
1111 bedae 1111111111 111111111111, 11111111 11111 podda& 111 1111 11111
Β111, 1111111111111111 1111111111 11111111111111 1 111 1111 1111111111 111-
1111111, 111111 111111111111111Η1111111 1111111111 Heskiego, 111111-
1111 1 111111111111111 111111, 1111111111, (11111111 11111111 1111111111 ¹
1111111 111111 1111111111 11111111. Η111111 1111111111Η11111, 11111111
111111111111 1 1111 11111111 1111111 (1111111 111111111, 1111111111111111
111111111111111111111111, 11111111111111111 1111111111, 1 111111 11111, 111-
11111 1111111111, 1111111 11111111 11 11111, 1111 1111111111 1111111111 1 111111
111111 111111, 111 (11Κ1111111 1111111111. 11111111 11111111111Η11-
1111 1111111, 1111111111 11111111 11111111 Κ111111111111, 1111111111
11111111111111111111111111, (11111111 1111111111, 111111111111111111111111
11111111111111 11111111 111111. 1111111 1111111111 111111 1111111111 Κ11-
1111111111 1111111111111 111111111111111 1111111111, 1111111 111111-
11111111111111111 111 11111111 1111111111111, 1111111111 11111111 11111111
1111111111 11111111 1 11111 1111111111, w dniu S. 11111111 1111111111111111111.
11111111 11111111111111· Η111111 11111111 Η11111 1111111 1111111111
1111111 11161111 Κ1111111111111 11111111 111111 (1111111111 111111 1111111-
11111111111111 Ρ111111111. ’1111 11111111 111111, 111111 w 111111111111111 111-
11111 1111111 1111111 1111111111 11111, 11111111 albo 1111111111 11111 111111,
1111111 1111111111 11111111111111111111111111111, 111111 (1111 1111111111 111111
111111111111111, albo 11111111111111 11111111, 1111111111 11 11111111 Η1-
1111 111111 1111 111111 1 1111111111. Ρ1 1111111111111 1111111 1111111111,
Η111111 11111111 Η11111, 11111111 1111 1 1111111111 (1111111 11111111
111111 Κ11111111111 1111111111 1111111111, 11111 111111 swego kraju 1 11·

 

