11 1383. nmbmwm. 415

11111111 1111111111 111111 11111111 11111, 111 1111 1111111 111 1 11111
11111111.

1111111111 1111 (1111111 111111 1111111 1111111111 1111111111. (1111
1111111 1111111Ρ11111Κ11111121111111111111 111111, (11111111 1111-
1111111 11111111 1 1111111111111 1111111111 1 111111 11111111 w 11111111· 111111
11111111, 111 11 w nim 111111 11111111 111 111 1111111111 111111, 11111111 do
1111111111, 1 1111111111 1ο 11111 111111 111111111111 1111111111 111111111;
11111111111111 1111111 1111111111, 1111111111, 1111111Ρ111111 1111111111
11 111111, 111111 111111, 1 1111111111 1 1111111,1111111111,111111111111111111
1111111111 (1111111111 11111111 11111111 111111, 11111 1111111111 11-
111111111111, 111 im 1111111111 11111 [z 1111111 1 111111 111111111111 1 11·
sobam. Widzieli bowiem Κ111111, 11 1111 1111111111 1111111111111 (1111111-
111 1111111 11111111 1111111111 11111 1111111111.

11111 111 1111111111 1111 11111111111111 111111 11111111 11111111 11111111,
11111 1 w Ρ11111 1111111111 111111 11111 1111111111 1 11111 111111 111111 11
111111 1111111111.

11111 111111111111111111111111111111, 111 111111 1111111111 1 11111111 11111

11111111, 11111 1111111111111. 11111111111111 1111116 111111, 1111111 111111-

1111111111111111, 111111 11111111111111 1111111111, 11111 111111111111111

1111111 111111 1111111111111111, 111111 1111111111 11111111111111111111

1111111. 1111111111 11111111 1111111111111 11111 1111111, 11111111 1111111
11111111

11111 1111111 VI 111111, 1 1111111 11111111 111 111 1111111, 111111·
111 w 11111111 111111, Κ1111111181111111111111111111111 1111111.
Ale 1111111 (1111111 1111111111 111 1111111111 11111111 go 1111111111,
1111111 1111111111 (11111111111111111, 11 1111111 11111111111 11111111
111111 1111111111 111111 111111111111. Ζ 1111111 1111111111 111111 do
11111111,11111111111111111111111111111, 111111111111111Β1·
11111 1111111111 1111 11111 11111 1111111 11111111. 'Pam 1111111111111111,
11111111 1111111111, 1111 to 11111111 1111111111 Anglii, 1111111 S. Β111-
111111,11111111111111111,111111111111111111111111111118.11111-
111111, 1111111111 11111111, 1111111 1111111111 Κ11111111111111, 11111111
11111, 1111111111 8111111111111 1111111111 1111111111 111111111-
1111111, 111111111111111111111111, 1111111111 11111111 1111111111111,
111111 11111111 1111111111111 111 111111 111111111111111111, 11111111-

 

