mmmm ' W.

1616161111 w 116111 1116116161 61611161.

Κ61611111111111611 101161116161111Ρ1611616116111616611-
1161, 1111116111 111666111111 1611111111116161616 1611111111.
Ta 111611161111 1616116 111 111111166111, 1 1111161111 6161116116161161 116-
1166161116.

[nimian 1111 16116116616611161661616616161 6661611, 616 mm
11616 111616 v 16611116.

Κ611111611 1111 Ρ61611, 61616 61111 1111166116 16 1161 1111611
116111 611611 111111 Κ16161611 116611116116111,1 11161616 Κ611116-
111, 1611161111 1116161 161Κ16161611 111611611111161111161 Β6161,
11116 muru miejskiego, w 11161666 6161611111 1 161161611161111116111616

1 1616 sie 11161616116111, 11116161 16161111 1611611611 16116161616611161,

(10111 61116116, 1111, 611161116, 1116116 11111111111 16116611611611616116111
1 1116111111 116616161 611111, 11116116116116 1111116161. 1111111111116111
do 11111611 do Urbana V 1611616 1616116, 1 1661611161 1 1161661161
111111 1161616 1166611116, 1111161 61811161116616161161 11116611 1616161

1611161116116.1116161611111111111611161611 161611111611811116,
16 1661 66611616 11616116 61 Urbana 1611616 11161616 1611111116, 116-
61111 611611 Κ61111161611 61111 1116161611 1611111111. 1616116116
po 11116161 11116 Κ6111116116 1116111616 1611616 1661, 6111116616 1161 N
i 11666161161161111611116611111. 161116111611 61611 J 61 11111611 6161-

111, 1616111 Κ16161111, 1616 1611111616116116116166116166111611616 116111-
11166161616 161616, 61161611 tem 11161661 16161161611611 11611116116 ΠΙ
11116161611616 11661161 Κ61161ό1 1616111 1 11611161 616 6116611111
611 16111 116166111 Κ611116116116, (11611161166161, 11111, 161611111ςὶ
6166 11611 6111111611, 1 116 1116 111 611 (111111 6116116111, 116 upo-
16111611 161111 11111116161 1111611111 11111166161111 66116, 1 16 16-
661116 1116161116116 116 (1611116111 161 61161611616 1611616 1 11611611,

, 1616116616 661611 1111166116 1616116111 16111611611161616 16111161, 1116

11661611 J 61 11111611 6161616161, 16 1661161116 11616 11616116 sam
wynagrodzi.

 

