- 554 1161116661 16611616. ¹ 111409. ¹

do 161 111616161116, 116111 1 Ρ61161116 116 Κ161ο16, 1 1 (111611
81161611611611166111 16111111616161116661.’1“11 1 61161 1116116-

11611611 11616111 1 16111111166116 61161616 6116116111 16 11616161611

11616116116, 11111111611116616, 11611116 116 1111161111 1611661161611, ,

111161Β61116111-11 Κ111161611 1111111161. 11111116 1611611611 116161-
6161 1616161161111116116 6161616611111111111611111, 1611111116 116616
nego 161111 1661611116 1 1161111 1 1 1161666116 111161616 Kurowskiego
616111611116 (111611161611616, 1 1161161161 1111116116 16 16 1616111, 11116
16116161616111161 16111166616, 6161616 6111611161 11611611, 1616116 1161-
616161 1166161111 11616161116, 1 61166116 66611611 166161 1611116161. 0111616
go 161111 do 111161161111611 1116116161611, 11111 616161 116161611-
16 16 1161116116 1111161116 w 0116116611. 116 gdy 1161111 1 161116
61111111 1116111116 161 Κ1111616111 6111111161, 11161111 16116161616 111611
111161 1 1111116116. 1116111116 161161 po 1111 1161116111 11116116116111161-
616161. 116 111116 116111161111661616 11616116 116 Pragi 1166616116, 11116· ’
161111 161111 16161161 1161616, 16 Ν16111611 1116116111 1166111(Ι116661111,·
661611 11611616116111611 66111 polubownogo 11111111 1116116161611 111·
1611 16161111 1 Κ1111616111; 111 6161111 1116161111 61666116 11666116.

111 1111 1111111111 11111111 111111 11661111 vineta, 11111 11161111
16611111 161616 11111111.

016161611611611611111616, 111116 111161 116111 1111 16111111 16161616111
1661116 Anglii, 1 (161161616116 61111161 6611111 Β611611 1611166161111 1661-
161161111 1661616 111161 J 616 Η1666 1166116 11111661116016611111,
1 11161616 Ρ161116, 111116 pod 11 6166 11116 16111616 1616611166, 1 1 1111
kim 616616 6116 61611116 0166111, 1111 16 116 1111 (116611 11661611
11611161 11161 6111611, 626116 Β616116 1111616 (116616 11161111111
1616111 6611616 1611166616. 11661611 J 61 Η16 11661111 616111116 66161616·
1116116116 11111616 1 661161 1611161 1 11661161, gdy go 16 611161 1616116
1611611616 61161116 11661161 1161161111. 116 1111 11111611 1161661616111
1 1111611111, 6 11111111 6111166161 sie 1111111 11111161161616 6111616116,
1 1616 61116111 16116111616 116111 11161 1 1111 11111611, 6161116 11116 161616
11111611 1 11111611 01661111, 61161116116161611661111161 1116166 1616
1111161161,1616161116 sie 1111611116 161161611. 111116 11161166161111661
6661111 11661116, 11611611 8161161116616161161 1611111616 1 1611111116 611611
111111 1 Ρ16116. Ρ61161611 11111111 111611 1161116161161116111 1 11111,
16111616 1 161166116. 116116111 1116111161 11611611611616111 11111111, 1611161·
1161161111111116111, 111111 1161111166161111 11111 616161611616116, 1111-

 

