ι0300000000000 0000000 op 0000000000 0000000000 000000 0000 0 (0000000000 000000
0000000000 0003000000 0000000000 00000000οΙ 000 0000000000 op [0000000000οᾰ

0 00000003 000000000οο 00 (00000000 0 ζ0000000000 0000000000 0000000000 (03000000
⁸ 00 000000 0000000 000000 000000000οο0 (00000000 0300 ,000000 003000 0000 00000000
0000 000000 ’0000000 000000 0000οο0030000 0000000000 00000000 0 000 00000000
4 0000000000) 00000000 ι00000000 ι0000000000) 000000 (0000000 0000000000
0 00000 0000000 0 000000 0300000000οο 0000000000 000000000000000 0 0000
0 -000000000 0000000000 00000000) 00000000 00 00000 00001 0000000 000000 000000 0
00000 0 ι0300000000ος) 000000 0000000000 0000 0 0000001 (0300000000000

00000000 0000000ος 0 0000000000 000000 00001 (000000000000000 0 0000
-00000000 000 0000000000 ’0000000 000000 000 es 0000000000 (00000000 0000000
-00000000000 00000 ι000000 0300000000 000000000 00000000 00003000)
-00000 0000000 (00000 00000000ος 00000000 0 0000000000 0000000 00000
-00000 0 00030000 ι0000000 000000000 000000000 0000000000 0 00000000
ί0000000 0000000000 0000000000 00000000 00000 (0300000 0000000000
00000000 000000ος 0 000000000000000 0000000000ος 00000000 0 00000
-0000 00000 0 0000) 00300000 00000000 00000000000000 0000000 00 000 00000000
00000000000100) 00000000 0 000000 00000 000000 00 0000000 000 0000000000
00000000000000000 00000000 000 00000000 000) 00000 00001 0000000 ι0000000000οἰ
00000 000000 0 00000000 0000000 0000000000 0000 0000000000 ι000000 0000000010
0010000000 030000 000 00000 000 00000000 000000 000 0000000οἰ 000000000000010003
-000 po omsoMJq 0000000 00000 ’0000000ος 0003 00000 0000000000ος
000 03000) 0000000 00000030 M 000000 0000000000 0 00000000 0000 00000000
0000000000 ’00000000 0030000 00000000 0000 000000 0000300000) 00000000 000
000 000 0300000 ί00000010003000000000000000000 0000000000) ,,·00000001 0000 000000
-od 0000000000 00 0 (0000000000οοοἰ 0000000000 0003000000 0000000 000 0 0000 000
00000000 000 0000000000 0300 00“ 00000000000000 000000 00000000 000 00000
-od 0 00000000 0000 0000000 ι00000000οτ0 000000000000 0000000 0000000 00
000 000000000000 ι0000000000 0000000 0000 ι00000000 0000000000 000000
0000000001 00000 0 00000 0000000000 00000 00000 ι00030 M 0 0000000001 00
*0000000000ιο 0000000000 00000010000000 0000001 00000000 00000003 000
-00000 00000 00000000 0000000000 0000000000) 0003 (00000000 00000003 0000000 0000
000000οο0 000000 000 0000000 00 00 00 ι0000000000) 000000 (000,ου00000000000)
-ung ι000000000000000000000000000000000000000000000 (0000000000
-000000 0000000000 00000000 0 03000000000000 00000000 00000000
0000000000 0000000000 00000000 M 000000 00030 po 00000 000 ι00 0000000 0
0000000001 00030 M 000000 0000 00 0 00 ί0000000000 0000000 000 00000000
00000000 00 (0000000000 0000000000 000000 [0000000000 ι000000
mg 0 0000000000 0000000000 000 00000000 000 00000000 M 0000300000οΙ [of ·
0000 00 0000 00000000 0000000 0000000 0000000 00000000 ’,0000000οω00

’0091 Ἢ ἬῙΜΠἿ 903

 

