466 111111111 11111111. 111391.

111111 11111 11111111, 111111 111111111111, 111111 11 11 1111111111
111111 1111111111. 111111 11111111 1111111111 111 1 1111111111 111 1111
1111111 1111111111 11111111, 1111 111111111 1111111111111 11111111 111111111-
111, 111 111 go 111 1111111; 11111111 11111111 1 11111 1111111111 11111111-
11111, 11111 1111 11111111 11111111, 111111 1111111 1111, 1111 1111111111] 1111
,1111111111111111111 11111111111111111111 1111111111 11111111 1111111 111111
1111111111 (11 1 1111111 1111111 1111 1111111 11111111111111).

Po 1111111111 1111111, 11111111, syn 1111111 1111111111 11111111111111111111111

111111111111111111111111111, 11 1111111111 11111111111111 1111 11111 111 111 1111111

111111111111, 111 1111111 1111 1111111 1111111111 1111111111 11111, z 11111 1111111111
11111 1111 1111111, 1 11111 1111111111· 11111 1111111111.

11111111, 1111111 111111, po 11111111 11111111111111 11111111111111-
1111111111, 111111111111111111111111111111 Ρ1111111 1111111111 111111.
Po jego 11111111 11111111 Ρ11111 111111111 11111111 1111 111111111111
1111111111 1111111, 111111111111 111 1111111111 1 11111111111111111-
1111111111,11111111111111Η111111,11111111111111111111111111-
11111111111111111111 1111111 1111111111 1111111111 1111111 1111111111ιί
11111111111111, 11111 1111111 1111 111111111111. 1111111111 1111111111
1111111 1111111111111 1111111 Β1111 11111 IX, 111 1111111111111 Η11-
1111 111111 11111111 1111111 1111111111 11111 11111111111111111111111111,
1 1111111111 1111111111 11111 1111111 111111 go 1111111111 11111111·
111 11111111 11111111111111111111111 11 111111111111111111111111
11111111 11111111111111 111111111 111111, 1111111111 11111 1111111
1111111 111111111111, 11111111 1111 1111111111, 1 11111111 111111111111111
111111 1111111111, 1111111111 1111111 11111111 1111 1111111 11111111. W 1111111
1111111111111111 111111 11111111111111. Β111 111 11111111 1111111111 na
11111111111111 1111111111. 1111111111 go 111111111 11111111 1 11111111
11111111 1111111111111. Α 111 1111111 1111111111 1111111111111111
1111111111 11111 1111111111111· 1111 Β1111, 11 111 11111111 1111111 1111111 za
11111111.

1111 1111111111 111111 111 1111111111 1111111111ιὸ 11111 11111111 1 mondum
ι 1111111 1111111111, 11 do 1111111111 1111111 11111111· 111 11111111 nin 11111-
111111 1111111111. ·

“ 1111111111111 1111 1111111111111111111111 11111, 111 1111111111
1111111111 krol Ρ11111111111111111111111111 1111111111 1 Ru-

 

