‘mmmm nzoqo 00 009000 ι099900009οᾶ 00 0390 0900900000 99099999 009

ί00099000 009000 099990 0090000000 ι9009999900900 909099000 099000009 ί00090
-00 M 900000 90090990 0 90909090 90 0 93000 90 0090000 0090900 ι9000 909
0909090 9000099999 00009 (00000000 0 909000 900000 0909000 Δ009900 90009 09090
-090090 03999 009909039090 009000 0000 09090090 M 0900000 909099009οᾶ
99 00900 090 0909900900900 0009900000099 00300 ι0090990090 9 έ90909900900000
90900 00900 090 (0009900900 9000 900 009909000900900 00300 000 00000000
90900000 0000099 00000900 00 0 (9009900009 90909090 99009 090 0 90900 9009
-09900 0 90000 909000900 090900Ι 90 90000 9990900009090 0 9990900090 9090000
900009 90000 90909090 0390 99900900 90090090 90 (99090009099 909099009οᾱ
-900 90 0009009 900990900 0 00000 900999009 00 0000003099 909 0099090000
ι0090909 900 09090009οο0 009009000 09 0000 0 099 000 0001990000 00090
-00 009000 00009 0090000000 0090099900 (009009 090 M ,009090 90000090

. -900 900909900 9009093 090900 909900 0000909900 0 000900 090 00003 90 έ909000“

0000 9000000 999099 0 99909990οο0 909 9090000909 9 00000 0 00000 00030000
9009 ι00090 00 009000 00999090 00 Ι0000 00900000 9990900000000 00090000
90 00000909 (0090900 900 90 9090009000 000 00003 90 f 9000099 9009 0090“
-00 9000900 000090 0 099990 9000999000 0 90909 0000 090099 099990 0 0909900ί
9099909 0900000090 ι90090909900900900 009000 90“ 99099 00009090 09009000 909
9009090 990 003 00) 0009990099οᾰ ί00900000 000009 0390 0 0000000 0099900 909
03999 90090990 00 0οι 00909 ι9909000990 900909090 0390 9009 0 90000 ,
0090090 009000 ί00000900 00009090 00 0009999000900 0009009000 0090090099
490000 00 0000900 (0090090 90 009000900 000090 0009090090οῙ 09900 0990900
ι9900 99000 0900009009 0 00090 ,,·909090090 M 90000 00990900 0900090990α
90 0909009 0 ι9000000 000 9909 900900 ι003000 0900090 90909900 0009 93900(
-090990 00 90“ 000099 0099090000 ’90090 00900 0000009001 9099900 0390 0009
-0000000 00090 90000 00099 0000000090 1 900900 090 nm 0399909909000 9009000
-09 900900390 09000990 ,90900000 099000 0 000000990300 00909900 00000

000009 0090990ι 900900909 03900900000090 000 900090 000900000009 (0390 ’

09003 0990000 000 εο039 099οι M 9909009 9000090 90 9009900900ᾖ 9090 0099α
090 90000 09099009 1 000039 00 0909000000 0009009000 90000009 090900 9000(
-0009 009090 (9009990099οἀ 00 909090 9000009000 900909900 0 0000000 0099900(
909009 90 ί0000090 000 09000 00990900 90909900900900 00909900 900 0090“
-9009 909 09090 090000 0000 009 (000009900900900 90909900 00990909009 09000“
909 0900009 900 009090 0009900900οι0 0 0000009009 090 00 099990 0000009 (9999(ί
-000 090 90039 9999090000 9009000090 0 0090 90009 0000 9 00900000 9090990α
-0900900 0099 900 090 909 90 ι0000900 0000009000 090090 00 909009 90009 00α
90000 ι00909900 09000099099900 0 0909090009 0000099999 0900009009οᾱ 00000090(
009“ εο0900000000009 (009003 90009090 900900 9090000 9099 09000900 0 909
-000 0390090909900900900 0009000 000 00000 ι039009090900 00009000 000

· Ίεεῑ Ἦ ’ 09900009 0099900090 83Ι

 

