212 0010000011, 01313.

010100, 101100010 010 1010101001001 10101, 110 1010101100οἰ0 tego 01010,
1011 10100111001011 10010101 0101001010 010 0010000011, 1010 0110111 0010-
100101 10 0110110010 010 00100100 000100, 011000100 01001000110100001100-
1010 0001010 1010101, 1011011101 1010111 010001 1 10110οό1 101010110010010111
0010101111 1010 010010000101 010010010. 110 00100 0011001011 w 1000101110
1000, 001010 101000 100010010100101, 001101001101 00011, 000100100101

1010001, 0010100 0100100001 010010000, 11100001010100010010001101
111000010. Ρο101010110111100 0010011 mu: ,01110001110101 1011011 111100 0111
,1001011 0010110001 10011001 01000101000010010001 101 101110001000 10100
’ ,01100011α ’100 01101010100 10011010 11000010 8101101110010101101, 0111011010
0 10111001000 0011100001 10110001000000001010011, 10110 10110101-
1010110 1101100011000 10 Βο11, 0000100101 10 Κο010010000 10110
Polskiego 1011001010, 101010111 10 01010 1000101οο, 1011010 010-
00100100101 101111 00110100 100110 1 000000 0110011 10 1001000010 101100·
101001 00101, 110001 001011οἰ1 1011110, 010001 00000011 011 01001, 1000101
110010 011 1110100100 01100010001, 111000101010000110010 1010110101011010-
10, 01001000110110 0000100 0001000011 0100010011 110001001010000010
00 10010 01000101010110 000101 00000101. Nie 10000110111000101000 10011101
1 0000001001, 0110 010001 1000011000, 0100001010 101.Κο00100000000, 11101
1111011100 110101000101 00101, 1001000011 10101110 w 1010010 1011010,
10 11100 010000 11000000 0001 100100111001000, 10 1010011 1001101 0100101110-
001 101010 101101 00101 1000000101010110001 101010. Tem 010101010οἰοο
1000001001 000001 110001, 111010111101, 10 0100 000 000100 101010011 100-
10111, 0100110100 010, 0118101100 1100101010 01010100000 100100001θο 010
01110110 01 00111001 1110011 101010111001001101, 0110101001010 0100
tego 0010 0100100000 1 0010111000 110 010110 10100, 101101011, 10 11010100
0100010100 1 0010001100100011000 1011 010101010101101, 00 1011011101000011,
10110 00 1010 00001000 0100101011, 01010101011010010, 1110111 8101101
110010101101 1000010 10100101 11100010 1 0101110. 1001100 00001001 00001001,
100001000011011 00 00010 010000 0000010 1100010, 010001 010 10 1010101001
10 10 10111110 nggierskiego² 10 10 1011010000 1010101010
10110, 110100100110101 100011101 1110001 ,011011001111 000000110110
,1000011 0110 1010000 01010 0100010111010 101010010οθ00, 1011100 000001
,110001 00110 101 111 1000100011, 0100101 10111 1 100110 010 1101001011 01
,110011 1100100 01001 0100100110111101 000101, 0100010100011010000 011-
,0101110 110011100οο 010110; 01111 010 1000010011 0110001010 00 00010
,10011010 011001100010100100.“ Α 111 1 10110010 1101100011 1 Ρο10101
0101010011, 10 010010101 101001101111101 000001110100100000, 01010011
00110 101001 10100101 10 00110 01000111010101110, 1 00000 101 00110οἰ00011
10 101010 1 11011, 1 00110001 1 1010010110 0101 010 111000010100, 1 100101

 

