46 0010110000 0001111011. 0. 1310.

00010000110110000 (1011001000, 0010010100 010101011000000 1110-
110, 01010111 010010011. Ten 001000000οο 011010, 10111100· 010 1010010010-
001, 00101000 01000 1000001110 0010010ἰο 00001100 0 01000 0000 01001000·
001001, 00100101, 00000001. 1101 01101000 00010, 010 10000000 0000101
001010001οἱ 1000 0000010001 1000001001οό 00100101 00110010001 10 011000,
01001 00001100100000110101 1010010 0001000·οο101 1 0101010010 1010000110.
111000οἱ0 01000100000 1001101101οο 0100000 010 01100100, 00000011 010110001,
0010100 0000011 010001000. 10 0010001010 1101000000 010110 0 00110 000-
0110 00101100, 111011010101 000001 101000100010; 0 01010000000 01010 001-
000 001 01010 00101000, 1 00100000000 je 001 001001 0 100 011000, 11110 010 ’
1010 011000 10010, 0010100001 010010 100000101000 10000, 001000000 11
0110101 010100010000010 01 00010110, 000110 1 101010100οἰ0 go 0100100010.
0110101100 000, 0100101 01000 101 11110 1010001011 0010110001 1001010010 0010-
1011, 00001010 011000 0101000 00100 010000 01010001000010100, 1 0100100100 010,
010 Κ1001000 010 0000111 00 0101 000000· 000010, 01010110 01001010 00001
010101, 000011 0 1011 01101 0 01011000 1 1100101001, 1110 110 001001010
000101 10101010010 1101001000 10110110 0 010110 0 01001010 010-
0000000]οε 01010 001 00 0010010 01001000 101000 0001111 010 00100010,
01010 11010011 101011 0 001010, 0100 00000010010 00110 1000100001101010 0011
1100001110. 00010 010 101010 1110100100 10110101000010101010-
10011, 1010 010101 00100101001 00100001 0 0010000 0110101000, 010 00100110
0100101011 1011010101 0000010, 100100100000101 001000101 010110010 0110, 110
00010101000 101010 0010101 00000110 00 0010100000 01010001000010100, 0100101
00110010 01101011οό0 00010 1010010 0 10 0100010101οε ,1010 001101010111
,001100 00100001, 00111 0 01000 01001000 010 01001010 10 0001111 00 01010001
1011000001001, 1000101000οἰ 11000010110100, 00100000000100110100
001 0000110 00001100, 10001 00100001 0010010100] 00 00000 0110101000 001
001001 1010010. Ale 100 001000010 0 0010000111 10010010, 1 010 00000000000
01000 011001, 1110 0101 101 000100 011010000, 010 010 010110000 0010000,
1 010 00000010000 0 00001 010 0110100000 01001000001010, 011011 0 0000110111
10 1000. Ρο 0010010 00110 01001000, 010101οη0 1 01100000 0001111 010 001- .
0100010, 001001 0010010, 0 101001011000101 01 00000110 0110100101, 001101
01010101100011 00100001 111001011οε 0101000· 001 10101010, 110010 1010001,
Ρ1001000100 1Κο0101010, Βο001011 01010010 0001000, 0110110111,
010010100000 010100 0000101, 01010 00110 0 00010 1 00100110 1010010110]
0010010000001 00 00010 010000001010, 01000 100 00010100 1 011010 101100]
0011001000 010010000, 000011 0 00010 00000001110101 1000000100001,
010 100 1010 1 100 10000001, 1010101001011101001000 10110110, 111-
10 101 10010010 0100001, 1 01000000 0000011110 0001100010010 1 1001010100
0000000001. 1101 10000100,11110 Ρο1000 00 00000 0100010 10100

 

 

