111303. 111111. 11 ’

11 1111111111 1 11111111 1111 11111111 111111 1 11111111, 1111111 1111111111
11111111111111111111111. 111 11111111, 1111 1 11 111111 1111111111
1 111111111 11111111111111111111-1111, 1 111111111- 11 1111111 Β1-
11111111,1111011111,11111111111111111Κ111111111111811-
111111111111, 11111111 1111 1111111 1111111111 1111111111111111111,
1 11111111 111 11111111, 1111111111111 11111111, 1111111 111111111111111
1111111111111111111111111111, 111111 11 11111111, 1 1111111111 11111111
111 1111111111 1111111 11 11111111 11111111 111111111111, 1111
1111 11111 11111111 11111111 1 111111. Ρ11111111111 111 111111111 11-
1111 11111 1111111 1 1111111111, 11111111111 1111111 111 1111 1111 1111111,
1111111 11 1111111111, 11111 11111111 111111 11111111, 111111111111111111
111111111, 111111111 1 11111111111, w 1111111, 111111111111 1 111111111.
11111111111 111111111 111111 111111111 11111111111111 111111 1111111, 1111-
111 11 11111111 11111111111 111111111111111. 1111111 11111111111111 111111
1 1111111111111111 1111 1111 11111111 11111 111111, 111111111111ε ,11111
,1111111111 1 111111 1111111, 111 11111111111111111 1111111 111111-
,111111 1111111111.1 Α 1111 111111 11111111 11111111, 1111111111 111 11111 1111
1111111111111 1 1111111111111, 111 11111111111111, 111111111111111111
111111111111111. 1111111 1111111011111 1 Ρ11111 11111111111111111
1111 111111 8111 18111111) 11 1111111111 1111111111111, 1 11111111
111111111 Κ111111111 111111111111111111111 Κ11111111111; 111
1111111 1 1111111111 Ρ11111111 1111111111, 111111111 111111111 1111 11111-
11111 11111111111111111 111111 1111111111, 11 1111111111 11111111111 11·
11111 111111 1 111111 111111 1111 11111, 111111 11111111 (111111 11111-
11111 1 Β1111, 1111111111 111 1111 11111111, 111111 11 111 111111
11111111111111111111111111111111111111111111Β1111, 111111-
1111111111 1111111111111 111111111111111 patronatus) 11111111 S. 1111·
11111111111 filii, i S. 1111111111 1111 11111; 11111111111111 1111-
11111. 1111111111 111 11111111 111111 111111, 1111111 111111
1111111, 1111111111111111111 1111111111111 1111111111, 1111111 1111111,
11 1111111111111 11 Β111 111111111111, 1 11 111111 111111 11111111 111111
1111111111111111. 1111 111 1111111 1 111111 1111111111 1111111 Β111
1 1111 11111111111111111, 1 1111111111111111, 11 111111111111 111111-
11111Β111, 11111111 1 11111111111111 1111111111111111 111111111111111-
1111, 111111111 (stationes) i innomi 11111111111111 11111111111111 (talliae),
11 111111111 1 11111111 11111111, 1111111111 1111111111111111111111111,
111 11111111 1111111 11111111, 111111111111111 111111111, 1111111111
1111111111 111111, 1 1 11111 11111111 1111111Β111 1111111111111111111-
111; 111111111111 11111111 1 11111 1111111, 1111111 Β1111111111111 11·
111111 1111111111 111111 11111 11111111, 11111 111 11111111 111111 111

 

