1. 1310. 11111111. 309

111111111111111111 11 11111111 1111111 Pontion z 1111111111 1111111111
111111 1111111111. Za 1111111111 11 11111111 ι 1111111 11111 11111111, 111 111
1111111111, 1111111111 1111111111 [azinium 1111111111 111111111111111

1111111111· voli 11111111111111111111, 11111111111111 1111111 111111111111111111·

11111 11111111111111111111 11111111 1111111111, 111111 nd, 11111111 1111 Ka·

11111111 1111111111111 11111 111111 synon 1111111 1 1111111111 1111, 11111-
11111 1 111111.

1111111111 krol 1111111111, 1111111111111111 1111111111111111
1 111111 111111 111111 1111111111 111111 111111111, 111111 11111111 111
1111111111 1111 11111111, 11111 1111111 1111 1111111111 11111111, 1111
11111111111111111111 1 11111111, 1111111 111 11111111 111-11 1 111111 1111111
111111 11111 Κ1111111111, 1111 1111111111, 1111111111 1 11111111
111111Η1111111111111111 (111111111111, 1111 1111111111 po 11111111 111111
Κ111111111, 11111111 1111111111 1Κ11111, 1 Κ1111111111 1111111111
81111111111111, 111111 111111111 po 11111, 11111111 111 11111111111111
11111111 1111111111 w 111111 11111111; 11111 1111111111 1111111111, 111111
1111111111111111, 111111 11111111 Ρ11111 11111111. 11111111 11111111
1111111111 1111111111 1111111111, 1111111 1111111 11111111 Κ11111111111,
111111 111111111111111111,1. ..1 111111, 1111111111 przyjfle6 11111. 111111
11111111 111111 111 1 11111111 1111111111, mimo 1111111111111111 1111111111
1 1111111 1111111 1111111111111 111111, 111111111111111111 1 1111111111,
1111111 1111111111, 111111 nie 1111111111 11 11111111111, 111111111111111111-
1111111 1111111111111111111111 1111111111. 1111111111, 11 111111 1111, 11111111
1111111 1111 1111111111 11111 111111, 1111 11111111 11 111111 11111111, 11 1111111
11111111 111 1111111111, 1111 11111 1111111111111111111 1111111111, 1111111111 11-
11111 1111111111111111111; 11 1 111111, 111 11111111 1 11111111 1111111 111 11111-
11111, 111 11111 1111111111 111111 1111111 halom 111111111111111111 111, 111 111-
1111111111 111111 1111111111 111111 1111111111 111 1111111 11 111111, 11111111
ioh 11111111 111 11111111 11111111] do 11111. Ν1111111111111111111111111 1111
1111111111 1111111 11111 1111111111 1111111111. (11111111111111, 1 111-
1111111111 111111 111111, 1111 11111111, 111 11111111 11111111111, 1111111111
mu 1111 111111 1111 11111111 1111111111, 1111111111111 11111111 11111 111·
1111111111111 Polskie, 111111 111111 1111111 11111111111111111 11111-
11111111, 1111111111 1 1111111111, 1111111· 1111 1111111111111 111111 111111 1 pa·
11111111. 1111 11111111 11 sacza, 1111111 11111111 11111 w 11111111 11111111
11111111 1 1111111 Ρ11111, 1111111111 1 1111111111, 1111111 111111Κ11-
111111, 11111111 1111111111] 1 11111111111111111,111111111111. Tu 111111
1111111111 1111111111 111 1111111111 1111111111111111111111 11111111 1111111111.

 

