1. 1344. 1111111101 w. Ι 201

1010101 1110111 111101111010 1110110101111111, 11101010110101111101111Ι
1110111111 1110111111 1010 111111 1110011010 1011011010.

J 111 11011, 1101010011, 11111110 10101110 1116100111 0100111010
11111111 0110111, 1111101 (1011111 od Ν111111011 1110111111 11100111011010,
111611 11111111, 11 1011101110111111111110111110101· 111111 11161011, (1111010, 11
10 101101010111111010111011 0110101 11111001011 1111 01111111 u obcych 1101-
1101111, 1110100111 nie 1111111 11010110 metropolii ; 10011111 sie u 1111011
1110100001 VI 11101 1101011110 1101111 11011110111, 111 001111101001

11111111611111111011 11101111, 1010101011110111, (10 Mogunckiego ’

11011101111111111101101, (1111100111111010101001101 Kwietnia w 1111010010
1111001001 10011111101010111,; Lutomyfilski 111, 0110111 1111110101,
10 1000110111 1 111010 111111011όο S. Βο110111111, (111 11611011 1101101110 go
11101010 1 1110111010110, na 1110111111 0101101 1111011011, 1111 11010101 Ρ110111
nie 01011111 111110 1111111, 1111111110 11111110 11011111111111. Ρ111011111 Erne-
01011, pod 610110110111110111 1110110101, (100111 011111111011101111-
01011, 1 1101010101011110011111111010111 100111 11011111111111.
1110010110 111101100110 1101011110 11001011111111οε 0100111011 1 811-
1110101 1111111 0101111110 01010101, (10111110 10111111. 1111οι 00 1101101, 110-
1111 11000101 Ρ100111 od 110110111110111111ε 1111110 11101011011111 11111001·

11011116 11110111.

111101011011011, 11111111, 11111 0111011 1111110011 11111110.

, W tym 10110 1111111111 sie po 11111011 11111011 011101011110111011111011110
“ 110011111101111, 1161 1 111111, ,1 11111010 Β111101 1 111011 1111111111 0110-
110111010111101 ’1111010010 1101111 111110 0111110111 w gruzaeh 111ος10. 1111110
101 61 0110 w 1101011 1 1111011111ιηί 1110111 1010011111 1 (10 1011011110 11111011
sie 10111111. 211110111111 0111101110ῑο 11111111 1111111111 1101110 111010101111 ’
11100111, 0111011110 10111111010 01010101101101101111111161110 1010111111 00111,
1111, 11 S. Β1111111811100111111111111ε ,10 111111 1010111110111111011
,Βο11 10110101101 1111 11111111, ’1011101111 10101111 sie 0111, 1111011 w 01101011
,1010111,“ 1001111110 Β611111100101111 1111110111118111111011 0101011 11111 nim
0111110111.

1. ntum. 1111. noun. κι m

 

