11. 1329. 1111111111 1111111111. 119

,111 111111111111111111111111111, 11111 1111111· 1111111111· 11111111,
,1111111111 Roga i 11 11111 Ρ111111111111111111111Ι 11111111 111111, 111-
,1111 1111111111· 1111111111 1 11111111οὲ11, 1 1111111 1111111 11111111
,111111;111111, 11111111 111111111111 1111111 11111111 1111111111
,1111 11111, 11111 1111111111, 1111 1111111, do nas, 1111111111 1 11-
,1111111 11111111, 01111111 1 Ρ1111111 111111 111111111111, 1 11111
,1111111111 111111111111111 1111111111111, 11111 1111111111 1111111 1111
,1111111 111111 1111111111 1 1111111, 111111111 111 1 11111111111111 111
,1111111111111 11111, 1111111111, 1111111111, 11111111 111 1111· 11111111,
,111111 1111111111, 11111111111111111111111; 111111111111 1111111-
,1111111111111 11111111 11111111111111 11 1111111111 11111111, 11111
,11111 11111111111111· 11111, 1 111Ι 11111, 111111 1111111111 11111111,
,1 11111111111111· 11111111, 1111 to 1111111, 111111111, 111111111111111111,
,1 1111111111 1 1111· 1111 11111, 1111111111,111111,111, 1111111111,111 “
,1111111111 1 1111111, 111, 1111111, 111, 11111, 1111111111, 1111111, 1111111,
,1111111111 111111111, 11111,11111111, 1111111, 111111,1“11111,1111111,
,111111 1111111 111 1111111111, 111111111,11111111111, 1111111111, 111-
,111111111111 1111111111111, 111, 1111111111 1111111111, 11111111, 111-
1111111, 111111 1111111111, 11111111111, 1111111111111, 11111111, 11111111-
„kam 11111 11111111111111 111111111111, 11111111, 11111111, 1111111111,
,111111111111 11111 111111111, 11111 1111111 111111 111111· 11111, albo 111
,111 albo 111111, albo 1111 11111111, 1111 1111111111, 1111111, stobrum,
,1111111 1111, 1111111, 1111111, 11111111111111111, 11111111111111-
11111, 1111111 11 111 albo 1111111111 1111111 111111111111 11111 111111
,1111111 11111. Ζ 1111111111111111 1111 11111 111 1111111111 111111 111-
,1111111 111111 1111111111 1111111111111111 111 1111111111 111 111111111.
,1111 111 1ο 1111111 11111, 11111111 1 11111111 11 Bogn, 1111111111 1 111-
,1111111 111111111111, 11111 111 111111 1 111111111111,“ 1111111111111-
,1111, 11111111111111111 1 1111111111 111111111111111, 1111111 1111111
,11111 111 11111111 111 111111, 111 111111 1111111111, 1111 11111 111
,111 1111111111 111111 1111111 1 1111111111, 111 go 11111111111111 1111111
,1 1111111111 111111111111111 albo 111111111 111 11111111 11111 1 1111111111
,1111111111 111 11111111. 111111111111111 11111111 1111111111, 111111-
,11111 111111111111 111111111111111 111 111111 1111111111 1111111
,1111111111 11111111 11111111 1111111111 1111111111 1 1111 1111111, 11 1111111
,1111111 1111111111, 11111111 1111111111· 11111, 111-111111111111111-
,111, 111 1 1111111111 111111, 111111 11111 111 1111111111 1111 111111,
,111111111 to 1111111 1111111111111 jego 1111111111 1111111 1111111 .
„i 1111111111. 11111111111111111 11111111111111111111,1111111111 ,
,1 11111111 1111111111, 1111111111 1111Ι 111111111111111, 11111111, 11111111

 

