111382( ¹ 6111111111. 383

Κ61111611166111Β166611,ο1116616611161Β16611, 11111166616111166-
111116, 6111111 nie 6161611611 6116111616, 16 6 nim 6161166616 616 1666 16161116
61616611 6611111 61 6111616116.

16161611611161 6 611611 1111611611, 1611611111 1161116, 6166116 611611616111611.

segieno 16 16116161616611 1116116111ιί 6 16111, 1116 1111616116 616 611611·

166666666611116 161 6611611111116166661161 6166 11166 1 111611, 6111-

111111 611111111611666 1661661616 1611161616 1116111116 1616 6116116661
11 1116616111, 1166116166161 tenio 1611 1611116116111.

Κ1616161 6611166661 116 Ζ 11111161 11666 1161616, 11161111 1161 16616
111116. Ν616166661 16111 16661111611 6 1111616 w 6661 16161116166111611111
1661666116166111111 61616611666 Κ66116111. Ζ11616616116611 1116661111
6166616616661616 111666 16616 61111116 6611161 1111616611, 1666111 ku Trokom
i 6611161 116611 61116611. 1161616 16616116 1666 616 61611116 666161666166,
11611161111666666111 61111 1611611161116, 6 61 61161161616166111111 666116
1111611616 1111611666 1 1111611611666 11161 6666116116, 16 mu 11616661
1166161666 61616 6166 1166116661 6 1616 6111161666 616 661616 1166116 1111-
116616116, 16661666116111616111111 1166661611 1166161666. Κ1616111111616-
161116111 111666 66616616 6611116116 61616616111, 61616611 od 6111616116, 1111116-
661611 1161616 w 11616, 1 6116611 66111 do 116111, 11166166 6 61666161111616 61616111
616 1661116611. (1111111 6116661616 61611611 6661666161 16 166111, 11616161 od
6161116161 116 1161 albo 6616116116611 616111, 6161116616 do 616611 1616116616
1116161616 661161 6111661611 6116616111, 11116666 11116116, ,6111
,11116161 1616166166 16616116 6 61111611 1666 1616166166 Κ16161111611
,6116161 1111 1611611111611, 66111111 61116 6116111 do 66661616 1161616 1161 61116-
,616111666166161116161 (11666666616611166661611111161 11661 1 11111 1661666, ’
,1 6111 11111 6616116161 616 16 J 6616111, 6161 6616666116 6666111666 1166-

,11166661161 wa! 1111611, 61661 1616166116111 616 6 6166111 6166116 161616116111
1116161116111, 16111166666116 6166111611 ,16 1166116611 16616111 pod
,1116111166611111116111 11616 616 6161, 161611 161616 8111616116 6661111616
,6161161616 161661 mu 1616 6611611611 161611116, 16 11616 111111 1 611111
,1166111666111611 Α 6111 3111616116 1161166611 61611111 1116161666 6116-
161,1616161111611666666616111611 6166 11161611 61 16 6161616 1166116611
16616111, 11116161 616661 6616161111 61616161 1116666666 666166661161116111.
111611 16161616616116 666111616661 16161116 111666 6661611 6661611616 111-
61661666, 11611161 66111666 161616616 Κ161611116 166116116166611; 6 66
16116 11116116, 11161616 811161611116 161616616 Κ161611116, 6616666-
166 mu 61161111 1111616111 1111611611 6111161116 16661666616166. 1116161111,

 

