1. 1311. 1111111111 1111111111. 63

,1 111111 1111111111 11111111 11111111 1 1111111111111111111111111111111111111
,11111111 0111111111, 111111111111111111, w 1111111 111111 11111 1111111

,1111111 111 11111111 1111111111 1111111111 11111 111111 11111111111111
,(11111111111111), 1 11111111, 1111111111 1ο 11111111111111111111 1111·
,11 11111111 111 11111111, 1111111111 111 111111. 11111111111111 11 111111
,11111111 11111111 1111111111, 111 1111111111 1111111111 1111111111111 111111111-
,111111 11111111 11111111 11111111, 1 111111 111111111111 1. 1111111111 (1111-
„gorza IX· 11111111 111111111111111111, 1111111111 11111111111111111
,1 1111111 1111111111, 11111111111111111111111 1111111111 11111 11111111.
,1111111111 w 11111 111111111111, 11111Ζ111111111 1111111111 11111 11111111 111-
,111111111111 111 1111111 11111111 11111111 11111111111111111, 111111 1111111 ’
,111111 111111 1111111111 1111111111 1111111111111, 111 111111 1111111111111111111
,1 1111111111 11111111111 nie 11111111, 1111111111 1111111111 11111111111111- ’
,11111111 11111 111 111111 1111111111 1111111111 1111111111, 11111 1111111111-
,11111 1111111111 11111111. 111111 1111111111 1111111 11111111 1111111111, 11
,1111111111 1111111111 1 1111111 8111111111, 111111111111111111111 1 po 11111111-
,1111111111111111111111111 111111111181111, 111111111111 11111, 111111-
,111111 1111111111 Krakowskiego i 8111111111111111, w 1111111
,1111111111 11111111 111111111111111 11111 1111111 11111111, 1 1111111111 11·
,111111 1111111111 11111111, 111111111111 11111111 1111111111, 1111111111.
’,011 sami 111111111111 1111111 111111 1111111 1111111, 11111111111111, 11111-
,1111111 1111111111 111 1111111, 11111111 1111111111 11111111 11111111 111111,
’,1111111111 11 1111111111 1111111111 11111111. 1111111111, 1111111 1111111111
,Β11111 111 11 11111111 11111111 11111 1 111111111111 1111111111, 1 1111
,11111111111111 1111 w 1111 1111111111 1111 1111111111 111 111111111, 111111 1111-
,1111111 1111111111 1 11111111 1111111111 1111111111, 1111 1111111111, oo 1111
,1 1111111111111 1111111111 1111111111111111111, 11111 1111111 1111111111, 1 11-
,1111111 1111 11111111, 11111 1111111111 11111111 111111 1111111111, 1111 1111111-
,111111 1111111111 (11111111111111 11111111 1 1111111111 1111111111 1111111
,11111111111111111111111111111111111; 11111111111111,11111 1111111111-
,11111111111111 1111111111 1111111 11111111 11111111 1ο 1111111111 11111’11111111 1 1111111111
,1111111111 111111111111111 111111111111111 1111111111 11111111 1 11111
,11Β1111111111111111111111,111111111111111111,111111111111111111111111111-
,1111111111 1111111111 1 111111 1111111111111,111111111111 1111111111 1111111111,
,11111 11111 11111111111111111, 111111 1111111111111 111 11111111 11 111111111-
,11111111111111111 11111111111111111; 1 111111 111111 111111 111111 1111111
,Β111, 11111111 1111111111111 1111111111 1111111111 11111181111111111 11111111
,11111111111111111111111 11 1111111111 11111111 1111111111111111111, 11111111
,1111111111 1111111111, 111111 11111111 111111 11111111 11111111 1111111111111111,
,11111111 1111111111 1111111111 1 11111111, 1111111 111111111111111 obwinionemi,

 

