⁸1¹⁰!M311HS) Ulssffltfflm Ἣθέῑῑέθῐθ ῊΒῊΒΘΖ ῊθέῑῑῗῑἿ ‘1³1⁸
9οὲ999) (9999999999 ι9999999) 999999 το9 9999 (99999999 99999 999999
-9999 9999999 99 999999999999 9999999999 9999999 (999999 9999999999

9399999199 999 99999 999 99999999 ι 99999 'comm Rqsoq 99999
mm 99999999 ’99999999 mmm! 999999 9999999 9999999999 9 ‘mous
999 9999999 99 9999999 9 02 9999199999 ι99999999 999999 {mel 99 99 ’999999
99 mmm 99 9999999 ’9299999999 99999 ‘Mus 996999999991999

mn 999999 nou

99999 999999 9 99999) 9999 9 99999
-999 ι99999999 99999 9999999999 9999999999 99 {Aa ’999999 9999999999 93
9999999999 9999999 99 939999999999999) 9999999999 999999999
99999 9999999) 9999999999 9999) 9999999999 9999 9 99999 ι999 9 99999 999)
-999 999 9 999999 9999999 9399999999 (9999999999 9 9399999999 9399999) 9999
999999 99 9999999999 9999 9οὲ99 9999999999 99999999 9999999999 9
999999999 (9399999999 99999 99999999999 999991 99 9999399 999 9999
-99 99 9· 9999999 [osone 9999999999 9999 99 (9999999999 999 99999 9 999999
-999999 9999999999ιεί 99999999 9999 9 999 999999999999 9999999999 9999999999 z¹
9999999999 99999999 998 (99999999 99 9999 999999 99993 4999999999 99999
-es 999999999999999 9 9999999999 9999999 99999 99999) (9999999999 999 999 999 9
999 999 ι99999) 9999 9 999 9999999199 ι999999 99 9 99999999 immod
99999999 9999999 op 9999999999 9999 9999 99 ι9999999999 99999999
-99 99 9999999 9999999999 (9399999999 9999999999 9999999999 93999999999
9999) 9999999991 999990 9999 99 ί939999 9399 999999 9999 999999) .
-99 99 9999999999 ’9999999999999 9999999999 9999999999 99 9999999 99999
999 f po 9999999 *99999999 99999 9 9999999999 ι999999 99 99999) uis
999 9999 99999999 *9999999999 9999999 99 9399999999999 9999999
9999999999 999 9999999999999 od 999 9 999999 999 9999999999999 9999999999
-99 99 999 99999999 9999999999 999999 999 vs 999999 999 ι99999999 {Rq 999 999
9999999999999199 99999999 99999999 9999 9999999999 9999999 99 99999 (939999
·10‹1 99999 9999999999 po 9999999 9399999 9 9399 0p 05 99999999 ’99
-9999 [es 99 99999999 *9999999999 M 9999999 93999 9993999999 9 9999999991
[999999999999 9999999999999 9 99999999 999999 99 99 ι9999999 99999 *999
99999999 99999999 99999 99999999 ι9199999 99999999 ι99999999 9 9999939
-999 93999 999 99999 9999999 999999999999 99999999 ί9999999999 999 9999999
9999 999 9999999999 9999999 999 9999999 93999999 999999999999999 999 99 9991
9999999991999 99999 tuso 99999999 93999991 99999 9 99999999 99 99 999999

· 2391 Ἢ 99999999 9999999199 zu

 

