KAZIMIERZ W.

10101010 11100000 11000οι00 00010000

11010 00000001000 Ρο1101000110, 010001, 11000101, 11000101, Ρο·
100110,101001,1000011, Βο100, 1010101011100000, 0000010110-
1000100, 1 Ρο10000 000 11001010, 101010 110011, 0 0010000001 000010
11101010 1 11001, 00100000οἰ0 1 01001010010 00000100000 10100100 11000·
0100110, 0100101 0 1010101001 110000000 0010000011011001001000100-
0100000100 1 00000000 01000000· 000000101, 00101000011 00, 000111110010000011,
1 00000010 100100 10101010 1001010 010001010101101 0010100000 00100000010110
00000010111 1011100. ’

101010 1000000100 00101010 11000100 00010001 0010001000010100011000
0 1100110000.

1000000100,101010100110001110000011,0001010100011100“
0010100101, 0010101 11000100 00010001 001000 1000010100011000 000010101010
S. 110010 0 1100110000, 101100011ιο 00000100 001010101οο0, 01000
1 1000 10010010, 00100000101000 0101110001 000001000οι1, 100000010000110100
Βο101000 0000011100,1110001000000000011. Ρο1010000000010000000 0110,
1010100 1000010010 000010011011010001110001000 0100100010 Βο00010
00101010001001,11100 11110100Ι 101010 11001100011, 000 1000000,
00000000 00000000000, 010000001010 00110 0000010000001. J'ego 0000010, Wa-
0100 1 J 00000, 00101010 jak 011 00010001, 0010101111 0010100 010110 00000000
10100, 000001010000 110100011000101011001, 11100 na 01010001000000.

10100100 101010110010110100010000 00000 0000100001οο 00000 10100, 010 000000
010 010100- 00010 000101 101 0 000100; 010 00 0010001 01000000] 1000 00·
’ 1000000ιο 010 0 10000, 0100 0010· 01000 00000010

Βο100100, 101010 Βο000011 1 11001011, 0000000000000 010010
101000001οἰ0 0010 00000101, 00000 0010000001οθ 00101111 0000010οο 000000
1000, 010001110100100, 011000 01010110 00000 1 00101000000001100000
0010100,1010101 Ηο00000 1110100000 (Aureus mons) 00 010110
11011010010100, 111100010101001000 00000100 0000000000, 010000010100 000100
00010011, 000010 0 00000111011110 0100001101 1 1010101000001, 00000000000
101000000101010100010000101110010001 10010110, 0 1010000010
01011 10110 1100011000 0001000001, 00 0101110100100 11001, 010 bez 10110

 

