11. 1404. 1111118111) 11611116. 521

sie 11)]6111116 1161111161, 1611611 11616111 1611116111 61611111 1161] 1116111111

1111616111), 1116111116] w 16116 61))11616161116116] 161611] 1 611611) 1111]-
* stus0w0g0‚ 61161111] 111161· 1161) czeskiego 11616111 Ρ6111161111
1111)6]61)11611ἰ. 1116616111 1])16 1111116 1111111611] 1)]1111) 6111611661) 116-
16111 1 ich poddanyoh, 1 ]6616611 16111611 i przyjaZni 1161611 11111111 1116116
611666 1 1611111 16111). 1116 111111] 1111611161 1161 Polski 66111111 61)
1611611616 66116 1161111111 11166611) 116111 81111116] , 11661111 1161116111, 16
8111111 1111111611) 616661111616111) Polskiogo, 1111111661) i 1116-
111111166111616611611161), gdyby go 1161111 61111111 61111111 6116111161
(1661111111) 1161611 (11611111 61161661161 1611111611 1)) 11111) 116116 γ11 po·
611111. Ζ) 111611) 11111111 661116 11611666, hya obowiaffianym mimowolnie do
111116] 1611131. 1661111] by} wreszcie zlagodzie 11611 1661)] 11116116611,616
gdy przyby} do 1116611111) 1611 8111111111, jadon zradnyoh 11111611
(11611161, 1111666111) 8111111), ])1 11111116 1611111616 1 1611))6111616
1111111616 1161) 11611111) i 111611 01611161, 66111111 11111111 661]
11111661]1.

111111 1111111111) 111]111]6 1111111 16161111] 11111 ι nunni, i 111111 111111
mich 1111111611.

Zsejmu 11166161111616 1116611111] 111)(1]11)11 1161 Ρ6111ἰ,
1111111111 na Podole, 6616111 6111161111) 16] 1161111 1 111 16111611 1 Ru-
sin6w‚ 11611]])1)]11]61ο1116111116]111116616Β61611611) 811161]ςί611]
6111111611. (161 sie 1161 11111111 66 1111111661), 1116111161] 111111) 61116111
1111111611] ἰ])1ο pana swego przyjeli 1166111666). Po 1)]66111 masta,
166111 11161 1161111116 111111111111661) i moeno 1116 1 61111 611611161161.
Ζ1161611 1111611) 1611116111, 61616 161116 i 11611111] 111611611611111) 6116166116,
1111111116 1161116636 11616111661661111) (])1 1111611161) 1))1616 6111161161)
6616111611), 166611111161 11616111, pod tym ]66161 1111111161), 1111166] 11161)
111]661)11]111 i 1161116111) 111116161611111, 16 1161111 Podolskiej i ]1] 1111-
1611 11161111 1111161111 ])1 tylko 111161111611 Pol 6116111 (11161166116116111611.
Ζ) 111]11)6611 1111111661) 116111] 1 inne 111111 Podolskie, 11616116
11616111 16116116111111Ι 111)(1]11)111161 161161111116111111161116 111611111-
161111116161) Ρ666161) Ρ16116111 8111111661ἰτ 1161161636 11111
11111116116111,11161611111111611 Ρ11116 11111616 1111116111, 116116-
lana Dobrzynskiegm apo 11616111116111) tego, Α)1111)])1’1611]-
6))661161616Κ11161161ἰοςω1611611111 1166111611611111661611161
(11))1111611111 1111116111 1116116111111116 Ρ6661).

 

