300 1111111111 1. 111370.

111111111 1111111 1111111111 1 1111111111111111111 11111111, 111 11 1111111111
111111111111 1111111111, 1 111111 Κ1111111111, 1 11111111 sali 111111
(1111 11111) 11 1111111111111111, 11111111 11111111111111111, 11
1111 1111 1111111 1111111111 11111 11111Β111, 1111 11111111111111111111,
1111111 1 pokoju 1111111 (1111111111111, 1111111111 111111 1 1111111 Ρο-
11111 111111 111111111111. (111 1 11111111 1111 1111111111 11111 po 11111,
111111111111111111111 111111111 11111 1111111111, 1111111 1111111111
. 11111111 111111 111111111 Ρ11111111, 11111111 1111111111 1111111-
11111111, 111111111111111111 11 11111111 11111111111111 1111111 11111,
11111 1111111111111, 11111111111 1111111, 11111111 1111111111111 111111
1111111111, 1111111111111111111111111 11111111111111111 1 8111111111-
11111, 1111111 111 1 11111111 1111111 1111111111 1111111 111111111 1111111
1111111111 1111111. 11111111111111111 po 11111111 Κ11111111111, 11 1111
111111111111111111,1111111111111 1111111, (111111111111, 1111111111
11111111, 111111111111101111111111111111, 111111 111111 111111,
11111111 111111111111 ludu, 1111111111 po 1111111111 1111111111 1111111111
1 11111111111111111111111111 11111111, gdy 1111111111111111111 11111
11111111, J 1111111 1111111111 (111111111111, 1111 1 11111111111111
1111111111 innomi 1111111111, 11111111111111111111 1111111, 111111111 1111
11111111111111 1 11111111 1111111111 1111111111 11111111. Ρ111111 111111 111-
1111111 1111 grobie 1111111111, 1111 11111111 1111111, po 111111 1111111
1111111111 1111111 111111111; 1111111111 111111 111111 11111111, 11 1111111
111 1111111111111111 111111111 tego, 11111 11111111 111111 1111111 Κ11-
111111 111111111111 1111111. 111111111111 1111 111111111111111 111111-
111 1111111 11111111 11111111 1111111111, 1111 1 111111 11111Κ11111111-
111, 1111111 go 11111 1111111, 11111111111111111. 11111111 11111111
111, 111111111 1111111111 11 grobu 1111111111, 11111 111111111 1111111
11111111111111 1111 1111111111 1 111111111, 11111111 1 1111111111 1111,
11111111 1 1111111, 1111111111111111111, 1111111111 1111111111 1111-
111111, 1111111 111111 Κ111ό1 111111111111 11111111, 1 1111111111
111 1111111111 11111111111 1111 11111 11111; 11111111 1111 11111111 111
111111 1 111111, 11 1111111 111, 11 111111 1111111111 1111, 1111 111111 11111111
11111111111111111111111111. Ρ111111 111111 1111111111 1111111111; 111111 1111
111111111111 1111111111111 11111 1111111, 11111111111111111111111, 11
11111 1111111 1 11111111111111111111, 11111 1111111111 111111 111111 1111
111111, 1111111111 1111111111 1111111111111111 111111. Bolos& po 111111
1111111 11111, 1111111 1111111111111111111 1111111111111111111 111 111111
1111111 go 11111111, 111 11111 1111111111 11111111, 1111111111 1111111111
1 1111111111]Ι 1111111. 1111111111111111Κ111111111 111 11111111111111-
11111 11111111 11 11111. 1111111111 11111 111111 1111111 111111111 11111

 

