18. 333333. 3. 1304.

1133 (131113, 1 3333333 3131333 3 13131331 1 1311131331 3 3313 3333331311.
Pomm 3 333313 33313 13313 Κ3313313311 33333311 3 3333131331-
3313 331313 13 031313 1313 jadon zLitwian, 33333 1313131,
Κ13313133, 3311313333313 3313133313 3333333313, 33333333 33331, 111-
3333 33 131 13333113, 31333331. 11331333 33311333 do 31333 3 3333,
33333131 131 313131 3131, 3133313 11313313333133311, 333331313333
3313111. 11331313333333333 313 33 3331331331 31311331, 33333311 3333333
31131333 113 Ρ333 3333313111.

11313 1313313133 11331313 Κ33331 131313 13331311 1 33133333
11333133311, 3133313133 syn Κ333313 131313313 1113333311333,
3331131133313133131313113 3 33333 113113 31133 333133333333131.

Papini 13331311 II 331333. 113 3313133333 3131133 mnus 1133333 13313113·
3133113133 v 13313333 331 333133 31333313 3331333 11113 33313313.

Β333<1311 XI, 313331313133333 33 3131133 3313133 31331333 313 1 131
3313331313 1313 33331333 11333 3 1133311131 33311 1 3 13131313133133-
1333 1333313131311333 31331 3131113 31133333 3331333133 333131. Ο 31313133-
133, 13 31313 33313331 331331. Po jego 1313131, 31313133313313 313 1110in
313 3331311 33 33133 333333 3331313, 3131133 11333313 3313133333 1313
3133331331333 13133133 1131 133313131313133131, 31111331 1313331333
3313133311 13311333. ci na 133 3313131111 313 3133313133, 3 1111331 13133
1333333113 33111133 1133333113133313111133113, 313133 133-
1333 33331333 1 3133331333, 33313313 Bonis aeego VIII. 11313331 111-
1313] 13 Ρ1313, 3313331333313131311333, 113133 0313311311, 331 (1313133
1 3133133, 3333313111 313 33 311333 Bonis acego, i 13133331, 313 Β33333- 3
(13 Bordenskiego 3331131333, 313313313333331311331 113333311333, ³
obrano. (13 3313313333, Ionios} 3 1131111331 1133331. 13333333 pojodnal
313 3 333113133333Β3313333, i 3313313331 go 33331333, 313 3311133331 3
31131 33113 3131111313, 31333 1313313333 33131 13133131 1313331, 1 Κ3133- ⁴
3131313333]Ι 33133131 3133331311. (13 33333113 13333333 3133113133 33- 3
331311 13333333 333131 1133333331. ByI 33 313311331313331 ῗ
(vasco). 031311 3131313313 1313333333 go 331 31333131313133- 3
1131331333 3131333 1131333113. (113 33131333 13333331 3 31311131133133333- 1
3311333333 1313 3331333331, 3 3131331 3313131 3331313 3133333333333 331311 ἶ
313 1 3133311 jedni 33133131, 3331131333331333113113331 33331333 muru,
11333 1313131313 Β1313311 3 1311333313 133331 33111, 3333131331 13113 13· ,
1333 3 31333 3333311, 3 3 133333 1131331 33113131 3331313131333313133133-
113311. 1111313 1313133 313 1333 1333311331, 13333113 3 31333 3311311 3331333133.

 

