111

31111111 m. i 1111111111. 240. 242. 208. 214. 341. 311131311111 margrabiowie 33- 40. 54. 110.
390. 414. 481. 311111111111 1111111110. 206. 360.
31111611 w. 521. 3111111 11. 531.

313111101311111(011611)331. 1 311311 1111. 56.
3111111511 w. 242. 311111111111111354.
31111111111111111 11111. Κ111. 213. 211. 220. 31131111 m. 123. ,
223. 221. 241. 253. 254. 260. 219. 281. 311111111115 82469. .
· 31311111 1111.1) 011111. 315. 316. 381. 388. 389. 3111111111 11111 1111111111. (111111. 314. 316. 455.
390. 400. 402. 405- 401. 409. 412. 413. 418. 3111111111 (3111111) 111111. 1111111. 26.
422. 432434. 438. 441. 455. 3111111111 m. 58.
3111111111 Ι. 3111113 11. 288. 362. 31111ηό1111. 531.
Bogorya 11111111. 181. 219. 31111111 S. 283. 296. 328.
3111113111111111111. 8111111146. 31111 11 160. 163. 214 229. 294.
3111111111 11. 811111. 348. 3111111111 11111111 14. 80. 94. 161. 218. 294.
3111111111 11. 8111. 211. 213-215. 311111 1411111111 m. 52. 53. 92132. 146. Ι141 ,
3111111111 111. 6111111. 314. 155156194224331. 366. 404. 412-414,
311111 1111111Ρο1111111, 1111. 01111. 26. 31. 33. 311111 11111111 (31111) 356. 383. 451. 456.
36. 39. 40. ' 459. 556.
3111111111 Κ111111111111.111111. 121. ⁴ 31111111111111111. 219. 224. 285. 409.
’ 3111111111111. 1 1111111111. 242.
3111111111 111 31111. 11. 8111111, 11. 2111511111. 3111111111 w. 11111. 301. 313.
111111111111118. 100. 205. · 311111111 81111 w. 392.
31111111111311111111 11. 81111. 1811111111. 111. 3111111113(31111111Ι111)1. 246.
114. 205. 214. 219. 281. 293. 294. 3131111516. 2993. 161. 191. 236.
3111111111 111 1111111111111111. 128. 226. 31411 111. 1111111. 533.
31111111 11111111ο11111,11. 111111. 69. 114. 311 11. 224.
31111111 11. Lignic. 8. 31111 m. 395. 398.
3111111111 ΙΙ. 111 Η111. V, 1131111. i Lignic. 21. 3111111111 ob. Lubeka.
50. 13. 80. 88. 81. 94. 95. 101. 102. 159. 31111113 1. mansfeld 356.
161. 192. 228. 31111101).Β11ο11.
31111111 11. Opol. 65- 61. 09. 192. 31111111 (3111111) 111 (1111111111, 11. 1111. 162. 285
3111111111 ΙΙΙ. 111 Η111. 11. Opol. 293. 389. 3111111 111 01111111, 11. 1111. 319.
3111111111. 81111111. 8. 3111111 385.
3111111111. (111111. 38. 3111111 (11111111) 11. 81. 294.
311111111111111111111. 111111. 146. 183. 229. 313111111111111. 282. 299. 302. 310. 311. 321.
3111111111.1131111151111100. 192. 341. 348. 468. 546. 541. 553.
3111111111 111 1111111111 11. 11111111. 206. 3111111111 11111111 011111. 341.
31111111 111 11111. 1111113111. 218. 3111111 m. 289.
3111111111 11). 811111111111.
3111111ψί11 11. 11111. 301. 485- 481. 490. 0·
3111111111) (Bonum conventum) w. 10.
3113111110. pap. 1. 13. 18. 01111111 354.
311111111Χ.111.450. 455. 466. 411. 419. 484. 0111111111 m. i 1111. 223.
481. 493. 494. 498. 513. 511. ’“ 0131111111 1111111111 111111 (111146.
31111 11. 521. 01111111 pap. 13. 11.
31111 (31111)11. 12. ’ 011111 (01111111) 31111129.
31111111 1111111 111. 011111, 4. 01111443. 445.
3111111111 11. 3111111. 251. 0111111111 11111). 81111111. 159. 190.
31111111111111111Ρο1111. 352. 051151111111 ob. 1111111111.
3111111 w. 531. ' 0111111111 11. 163.
31111 111 01111111111111. 319. 423. 432. 01111111 11. 131.
311111111111101111111. · 0111111 m. 11111. 219. 346.
3111111542. 0111111 w. 455. 516.
311111113311111111. “ 01111111111111111 9. 115. 122. 123. 134. 140.
3111111111 11111). (111111. 19. 25. 26. 29. 148. 151. 161164. 110. 111. 194 281424

3111311111, 31111311. 20. ’ 011111111115111111111130. 12.
2

 

