24 1111111111 1111111111. 11 1306.

11111111 11111, 11111111 11111111111111, 1111111111 111111 1111111111
1111111, 1 111111111111 1111111111111 11111111111111111111, 111111 11-
11111111111111111111. 11111111 111111111, 11 11111111 1111 11111111
111111111111 11111111 11111 111111111 111111111111111111111,
111111 1111 1111111111 11111111. 1111111111, 111111 1111 1111111 81111111,
111111111 1 1111111111] 111111111111111111111 11111111111111111111 011
1111111111 111111 1111111111, 11111 111111 111111111111 1111111111111,
1111111111111, 1111111111111111111 (1111111 1111111111111111
(111111111111111111101111111111111111111111)1111111111-
111111111111111. 11111111111111111111111, 11 11111111111111 11111111
111111111 1111 11111 11111111111111 1111111 11111 111111111111111, 1111
111111111, 111111111111111 111111111 11111111 111111, 11 1111111111111
11111 11111111111111, 11111111111111111111111 11111111 1 1111111111, 1 11
1 1111111 1111111111 111111111 111111 1111111111 1 11111111 1111111 11111-
11111 1111111111, 11111 1111111111 111, 1111111111111111111 11111111111111,
111111111111111111111111. 1111 1111111111 111111 111111 1111111, 1111111
111 111111 0111111111 111111 1111111111111111111111. 011111 11111
111111 1111111 11111111111111 111111 1 11111111, 111 111, 1 111111111 111
111111 11111111 11111 11111. Ρ111111 1111111 1111111, 1111111111 11111111

1111111111111111. 111111 Ρ1111 11111 11111 1 Ρ111111111111 111111111- ¹

1111 11111, 1111111111 1111111111111 11111 111111111111 111111 1111111 111-

11111Η111111111111111Κ1111111, 111111111111111111111111, x

11111 1111111111111111111 (Ι) 1 11111111111,·11111111111 1111111,
11111 111111. 11111111111111111111 11111111, 1 1111111111111111111-
111111111111 1111111111111111 11111111111111 1111111111 1111111111-
111111111111111111111111111; 111111111111111111111Η111111
1111111111 1111111111, 11111111 1111111 11111111111111111111111111-
111111. 111 1111111111111111 1111 1111 1111111111, 11111111 1 11111111111-
1111 1111111111 111111, 11111111111111 11111111 11111 11111111 111111, 1111
111111111,111110111111111111111111,1111111111111111111-

’ 11 Ρ1111111111, 11111111111111 1111111111 ΙΙ, 1111111111111, 11

11111111111111, 1111 Η111111 111111111 11111111, Anna 11111
1111111111 (111111111111, 1 11111111 1111111 11111111 1111111111,
1111111 1111111111111111111 1 11111111111 1111111 11111 (11111111
,111111 1111111111111 1 111 111111111 1 111 1111111111, 1111111111 111
,1111111111 111111 11111111111.“ 1111111111 111 111111, 11111Ρ111111111-

1111111111111111,111111111111111111111 11111111111111,11 ’ 1
1111111 111111111111111111111 111111111 11111111 1 11111111111111, ¹

1111111111 111111111, 11111 1111111111 1111111 1111111111111, 1111111111
811111, 11111111111111111111111111111111 1111111111, 1111111111

 

