' 1. 1389. 1111111111 11111111. 455

11111111111111111 11111111. Ale 1111111 11 111111 do ogromnej 111111 11-
11111111, 111111 111111 Β1111111 111 1111111111 na nich, 111111111 do s
11111111 111111 1111111111, 11111111111111 11111111 11111111, 11111 1111
11111 1111111111, 1111111 1111111 1111111 11111, 11111 111111111111111111111-
11111 do 1111111. Ρ1111111111111 1111111111111111111111111, 1111
111111111 1111111111 1 1111111111111, 1111111111 1 1111111111, 11 111 11111
111111111111 1111111 111111 1111111111. 111111111111111 1 111111 1 1111-
11111 1111 11111111111 111 1111111111 1111111, 11111111, 111111 1111111111ιὶ
11111111. Tago& samego 111111111111 1111111111111111, 111111
111111111111111111 111 do Assyfflu 1111111 111111111 do Rzymu‚ 11111
11111 lat 11111 ju& 1 111 1111111111.

nobie 1 11111111111111111111 11 1111111 111111111111111 1111111111 11111, nio
1111111111 11 1111, 111111111111111111111111111 1111111, 111111 11111111
w 1111111111, 1111111 111111111111111.

1111111111111111 11111111 (1111111, Β1111111 111111 8111111
1111111111 (111111111111, 111111111111111 11 1111111 lat 1111111, 1 111
1111111111111· (11111111 111111, 1111111111111111111111111 11111111
11111 111111 1111111111 1111111111] 111111111 111111. J 11 1111111111
111111 11111111111, 1111111111 111 11111 11 1111111111 1 11111 111 do
11111111111 11111 Ρ11111111, 111 do 11111111 (11111111111111,
11111 1111111111· 11111111 11111 1111111111 11111111, 111111 111111111-
111111 1111111111, 1111111 11111111111111111111, 1111111111 111 1111111-
11111111 1111111, 11111 1111111, 11 1111111 11111 1111111111 11111111,
majac 11 1111111 111111 11111111, 111111 11111 111111 1111111 0111-
11111, 1111111Β111111111 IX 111111 11111111111111 (111111111-
1111, 1 111 1111 111111111 1111111111 111 11 te 1111111, jak 11 1111 11-
11111111, Ρ11111111 1 1111111111. Ale 11 1111111 1111111111111 go
11111111. 1111111111 1111111111111111 1111111111 zagniewal; 111111 ,
111111111, 11 11111111111111111111111Ι 1111111111 11111111, 111 111111-
11111111111111. Η11111 11111111111111111, 1111111111111111Β1-
111111ΙΧ 1 11111111 1111Κ1111111 11 1111111111 11111111111
111111111, 1111111 1111111111 11111111111111, 11111111111 11111 1111111
111 J 111. 1111111111111111 Κ1111111 111111 111 11111111111111111111
(11111111111111, 111111111111111111161111111111111111111111
1111 1 1111111111, 1111111111111Β111111111111111111111, 1111111111111111
(1111111, 1111111111111 1111 1111111111 1111111 (11111111111111 1111111-

 

