LUDWIK. .

11111 varium lm.

1111111111 11111 111111111111111111, 1111111111 1111111111 1111111111, 11
11111 1111111111 11111 mnino 11 1111111111 1. 1111111111, 1111111111
111111111111111111111111, aozkolviek 11 1111111 1111111111] 111 11111111,
1111 mummia 111111, 1111111111 11 1111111111 1 11111111 11 1111111111,-
1111 1111111, v 111111 111111 1111111 111111 1111111, 1111111111 111111.

1111111111 1 11111 1111111111 j Polski, 111111111111111111111 1 11-
111111, 111111111111 (1111111111 1111111111 1111111 Ρ111111111, 11111 po
11111111 Κ1111111111 111111 11111 11111 1 111111 do 1111111111 Β11-
· logo 1111111111 11111111111111, 111111 1111111111 111111 8. Β111-

111111 1 Dijon 1 1111111111, 11111111111111111111111111111111 ’

8. Β1111111111111111, 11111111 go i 1111111111, 111 11111111 11111111.
111111 1111111, 11111111 11 Ρ111111, 111111 11111 1111111111 po 1111111111-
1111111111111111Ρ11111111111111111, 11111111 1111111, 1 1111111111 11-
111 Ρ111111111 11111111 111111 1111111111 11111111, krolestwo Polskie
1111111111. Anio 1111111111 1111111111 1111111, sami 1111111111 111111
1111111111 11111 1111111 1111111111 11111 11111111111 Β111111, 1111-
11111 111111111111 1111111111, 1111111111111111111, 1111 11111111 11111-
11111 Ι krol Polski 1111111Κ11111111, 11111111 111111111111 11-
111111 1 11111111111111111111111111. 1111111111 Β1111 1111111 (11111-
11111111, 11111111111111111 1111111111 111111 Κ1111111111, 111111 1111111 ’
1111111111 1 111111 11 1111111, 1 111111111111111111 111111111111111 1111111111
11111111111111111111, 11111111 1111111111 1 11111111111111111111. 11111-
11111111111111 do Awinionu, 111111 1111111111 11 1111111 11111111111
111111 1111111111, 111111111111111· 1 Ρ11111 mog} 1111111111 11111111,
11111 1111 111111 1111111111 1 1111111 1111111111, 11111111111111111111 Ρ11-
111111, 1111111 111 1111111111 go i 111111111111 do 111111 111111 111 111111
1 drogo, 1 Β111111, 11111111 1111111111111, 1111111 11 11111111111111.
111 11111111111 1 1111111 1111111111 (11111111, 11111111 1 11111111,
111111111111111 Ρ111111111 1 Β111111, 11111111,11111111111Ρ1111·
11111181111111, 8111111 11111111, 11111111 1Κ1111111,
111111 ioh 1111111111111, 11111111 18111111111, 1 11111111111 ioh
1111111111, 11111111 1111111111, 1111111 11 1111111111 111111 1111111-
skiego i Polskiego, 11111 1111 11111111111111 1 Β11111, 111111
· mniej 111111111111111111111 1111111111, 1111 1111111111 1 1111111Ρ11111
111111111111111 111 111111 1111111 11111111, 11111 (1111111 1111111 11-

11111111. 1111111111111111111111111111111111111111111,11111111· “ “

 

