332 11111111. 1. 1315.

. 1111111111111111, 1111111111 1111111111111 11111111 on 11111111 111111-
1111 11111111, 1 111111 11111111 do 11111 1 11111111 1111111111 1111111111111·
1111). 1111 1111111111 1111111 1 1111111111 11111 1111111111 11111-
· 111111 go 1 111111, 1 111111111, jak 11111111111 (11111111 111111 11111111,
111111111 1111111111 1111111111111111 1111111111 go 1111 11111111111111
1 1111111111, 1 1111111 1 (1111111111111111, 111111118111111111 111
111111111111 11111 111111· 1111111111, 111 111 111 111111 1111111Ι 11111111,
1111111111111111111 nim 0 11111111 1111111 11111, 1111111111, 11 go 11-
11111 1111111111 11111111 1111111 1111111111 1111111111111 1111111111 1 1111111111.
1111111111 111111, 11111111111 1111111111 11111111111111111111111111 111111-
111 111111111111111111111Β111111, 1 11111111 111111, 1 111111 111111
1111111 1111111111 (111111 1111111, 111111 1111111 1111111 11111111 1111111111
1111,11ο111111 11Κ111111111 111111111, 1111 1111111, 1111111111 11111111,
11 111 do 1111111111 1111111111; 11111 11111 1 (11111 1111111111, 1111111111
111111111111111111111111111, 11111111111 1 nimi, 111111111 1 111111-
111111. 111111111111111111111111, 1111111 1111 11 1111111111 do To-
11111, 1111 11111111 1111111, 11 111 1111111Κ11111111111111111111111
1111111111111111. (11111111 Κ111111 1111111111 111111111111111111 1111
1111 jak 111111, 11111111 1 1111111111 1111111111 11111111111 Β111111,
1111111111111 11111111, 1 111111 1111111111111111. Ρ1111111111 (loetali 111
do 1111111 11111111, 11111Κ11111111111111111111,1“11111111111111111,
po 1111111111 11111 111111111111 11111111 1111 1111111111 1111111111, 11111111
11111111111111111111111111111111 1111111111111 Β111111, 1111111
1111111111, 1111111111111111111111. 1111111 1111111111 Β111111·
1111111111 11111111 1111111 111111111111111111, 1111111111 1111111 111 niego
1111111111111111 1 11111111, 1111111111 1 1111111111 w 1111111 11111111·-
111. 11111111111 11111111, 1111111ἰέ11 11 1111111111 81111111111,
111111111111111111 11111111 111111 1111 11111111 11111111111 111111111
go 11111111, 1111111111 11111111111111 1 11111111111 1111111111, 1111111·
11 111111 (1111111 111111111111 1111111111, 1 1111111111 11111111 1111111111 1111
(111111Ρ11111111), 11 111111 11111111 111 11 1111 11111 1111111111 1111, 1111111
111 1111111111 11111111.

11111111. 11111 111111 111111 1111111111 111111111111111111111, 111111 nuk
(1111111111, 1 111111 1111111111 11111111

W 1111111111 11 1111111111 11111111111111 11111, 1111111
1. 01111, 111 Βο111111 1111111111, 1111111 1111111111 1111111111-
1111 Β1111111 11 111111, 111111111111 111111 111111 1111111111 111111

 

