1 111111111111111111111111(11111111111911111111111111111111
¹ -111111 11111111111111111111111111111 1111111111 1111111111 1111111

’11111 61111 1111111111
6111111111 1111181111 11111111 1 ’1111111111 1111111111 11113 1111111111 11111111
5111111 1111111118 11 1113111 111111 1 1 111111 1111111131 ί1211111111 1111111111
111111111111111112 111111111111111111 11 1111111 ’1111111111 1111111

mm unm 11111

’1111111111 11111111
[oms 1111111111 111111 13111 1111111111 1111 ἐ 1111111111 1 11111111 1111111111
-111111 1111111111 111 (11111111 1111 11111 1111111111 1 ι1111111111 (11111
[1111111111 ι11111111111111111111111 1111111111 111111 (11 111111 1111111111 111311
-od 1111111111 11111111111111 [111111 1 (1111111111 1 [11111 ,1 ι111111 111111
1111111 11111111 1111111 1 1111111111 111111 13 1111311111) 11111111111111111
-111111111111111 111111111111 1111111 11111111 111111 1113 11111111 op (111111
11111 11111111111111111311 1111111 111113 1 111111 11111111 1111111111οᾶ

111111 11111111 111111 edun 1111111111 po (1111112111111111111111
11111111 11111131 *stapam ’1111111111 11111112111111111 ’1111111111 1111111

1111111111111111111111[11111111111111111111111111111111111111111
11111111 1111111 ι11111111 1311111111 1 1311111111) 11111 ‘1 11111
-111 11111111 od 11111111 111111 1111111111 111111 1 11111 ι11111111111111111
1111111111 11111 (1111111 1111111111 111 1111111 13111111 1111111111 1111111111 M
111111 ’1111111111 11111111 1111 111 111111 ι11111111 1 1111111111 1 1111111111
1111111 111 1111131111 11111111 ι11111110 11111111111111111 [11111 111111

1111111110 ’111111111111111111111111111111 1111111111 (1111131111111111 ,

11311111 11111 (11111111 111 1111111111111111111 1111111111 1111111111 1 ί13111 op
111111111111111 11111111 1 11111111 11111111 ’1111111111 111111111111 1111111111
(11111111 111111111111111111 1111111111 M 1111111 1111111 [11111111 1 111111
po 1111111111 13111111 11111111 1111111 1111111 ι11111111111111111111
111111111111111111“1111111111)111ς (1111111 11111 (111111111111111111
(1111111111 111311 (1111111111 ’11111111 1111131111 11 111111
111111111111111111111110114111111111111111 [1111111
-11111111111111111111111 1111111111 (111111111111111111111 11111111 1 s imegqpms
-111 1111111111 11111111 1111 ί111111111111111111111 11111 ' 11111111 1111111111

101111 11111111 1111111111 gg

 

