1v

0115555155 5151515 919. 994. 985. 987.

0556551 ιι. 379. ’

05515155 ιιι. 44.

05555551 551. 551. 308.

choto& (0551555) ιιιιι. 391.

055151555515555 67. 74.

05555555 m. 298.

0555555511 55. 51115151.Ι

015155 ιι. 379.

0155555555 ιιι 168. 934.

1115515515 (0555115505) ιιι. 103.

015555515515 5155115 117.

01551555 (81155515) ιιι. 48 50. 196. 995.

0551555115 (8155555115) 15155155 13. 48 50.

clmyn m. 510.

(15111 m. 507.

cynon! 551. 4. 63. 111.

οι5515 ιι. 366.

055555 55151 550 Κι51. 371. 439.

055555 mom (51555 1555115555) 974.

05555655 ιι. 531.

055555 m. 919. 301.

οιοιονιο 55. 755555.

0555115 15. 90. 94. 50. 56. 79. 909. 905. 916. 959.
970. 354. 361. 467. 473. 554.

0555515 ι5ιιι. 934. 531.

0555515 5155515. 934.

cm! 5. 6. 94. 56. 57. 70. 79. 85. 146. 903. 907
313. 370.

0550555555 m. i 11 399. 474. ⁴

0550555555 51555 ιι. 399. 474.

0515555511 55515155. 8155511

05515 ι 8555555515 ryc. poL 191.

4155555155 (οι55551555) zum. 955. 309.

05155 5 81555155 376.

0551555 ιι. 909.

05515 ιι. 367.

05155555 513.

0555555515 497.

05555555 ιι. 591.

05515 916. 354.

055151 ι 05155155 199.

05515 Α11551551 99.

055515 ob. Anna.

055515 51555515 Przem. 199.

0551165155. Gartyfiskiego 5. Grodziefiskiego ιιιιι-
15 104. 108. 111.

05555 herb 551. 959. 464

0555515 ιιιιι. 349.

05551555, 0551551515 l. 05155151, 15551. 051515.

055555 (055555) syn Dyoniz. bar. quier. 114.
05555555 555151 Pmski, 331.

0155155515 ιι. 955.

0155555155, 515555, 155. Κι51. 964.

051555 ιι. 495.

055515 z 01515155 ryc. poL 594.

0551551555 8555155 ι 05155555, 5155 1155. 994,
391. 341. 364. 368 531.

0551551515 ι 1155555551 15511. Κιι1 363. 366.
371. 390. 409. 499.

0551551555 ι 115151515 (11555551) 15551. 1155555404

0551551555 5 05155555 419.

05515515501551551155 531. 546.

0551551551 ob. Dobek.

0551555 ι. 855515 36.

0515555551 ι 85555550 47. 495. 496.

0515555551, syn Bodozy 2 0555515333.

055555551 0555555551ιί 55555. 051515 359 374
375. 398. 491. 434. 479. 515. 516.

0555555515151. Pom 499. 440.

0515555511 055555 5 0455555515 staron 115455.

0555515505 ιι. 369. 371.

05555555 ιι. 340.

mmmmffimmffim

05555555155151515 9. 95. 99. 105. 107. 1111193.
124. 147. 156. 157. 161. 170. 1771941115
999. 310. 311. 313. 347. 348. 399. 401. 494
480. 485. 486. 489. 490. 491. 593. 595 547.

0511555511 dom sal. herb. 94. 160. 496.

0515155 ιιι. 330. 408

05515551 ob. 0555551.

05555551 Ι. 0555551 5151. Ροιιι. 88. 99. 94. 96 1

0555551ι9155ι5555 15551. Pom. 5155 1715115-

p01. 346. 352. ιιι-ιιι. ιιι-555. ιιι ¹

404. 407. 410. 413. 490437.
05555515 11555155 ryc. pol. 549.
055151115555115. 1551 qu. 7.
055 (75551515. 491.

0555551515 5151555155 104.

055555 (05555555, 015555) 5555 319. 391.
0555551511 ιιι. 357.

0555155 ιιιιι. 539.

055115 Litwin 6.

055555, 05545515, zum. 551.

05555115 zum. 319. 321.

Droqosz z 0155555ι5 555515 Κι51. 346.
0555515 star. Sieradz. 411.

0551115155 5151515 477.

055ὴί5555 ιιι. 1 ιιιιι. 356. 389. 414.

0555515 ιιι. 999. 591.

0551555 ιι. 199. 193.

“ 0555515 ob. 0551555.

0551555 (0555515) ιι. 530.
0555] ιι. 489.

numine (5551555 Danubius) 11. 955.
055155 ιι. 399.

 

