1. 1304. 11101110. ’ 19

111111 101111 1111111111 111111111111 11111111. 10 1111 1111111111 111 1101111 110-
imm, 1111110 1010111111 111010 1111111110 1011111111.

11111 1111111110 11111111 111111 111111 Swinka 1111111111 (1111-
11111111 111111 11111110111, 1 1110111111 (11111111111111 1111-
1111110 1111 tego& 11111111 1 1111111111111 0111101111 1011011111 101111.
Α 111 10 1111011 10101011110101111 (111111111111110 111111111011101
11111111 11111, 011111011011111101110111101111111 Βο11111ι11 111111111011
Ρο1111111110111101111111111111111111 1111111111111101110
11101011111111111 1011111110111 11110 1111011 111111111111, 1111 1111010-
111111, 11111 Β1111111 XI 1011011 11111 1111111111. 110111 1111-
111111, 1110111111111 111 1111111111 11110111Β11111111, 011111 1101111
111011111111111111011 11111010111111 111 10111111 111111110111 10111011
1111111110 po 11111111 Βο1111111 1111111 10 10111111 1111111 111
1111111111, 111111 1111111111 1111111110 11111 111 111111 1111 sie 011111-
1111. Ρο1111 10 Κ11111111 V, 11111111 Βο1111111, 10 11111011
11111111, 11111 1010111111111111110 11110111 111 1111111 1111110111 1111111.

11111111 11110111 1111111 {quanm 1 11111 ι 1111111 1011110111 110 111111,
111111. 1111111111 10111111 1111Ι 1 11011111 0111111; 1011111100 1011111 11110111·
1011, 11111 1111111 1111110 11111111.

W 1111101111111111111111 S. wojsko 1111111111 1111111111 101111-
11111 1 bez 1111111 10 110111 1111111111, 11111011110 11 110111111 1 111111-
1111. 1111110 1 10 1111110 111111 11111111, 101110111111101111 01011,
1111111110101011. 11011 111 1111111011 11111111, 1 11011111 1 1111011111 1111-
1111 11111110 1101101111, 111111 mu 11011 1111111011 1111111011111111
11111111011111111111101101111111111 1101111111101110111,
11111 01111111 1101111 11111111 11011111 1111111. Α 1111111 11111 Βο11 111111
1111011011 11111111111, 1 101101 111111111111011 11 11111, 1 11111111011-
1111 1111111111, 11111 1111111111 ιι 11111011, 11110111 0111111111 1111111111.
1 11111111 1101111 1111111011 0111111; 111 11111110 111111111111111111111
nie 11110 110111 1111 11011111111111111 1011111011, 1 11 11111111, 11111
11111111 111 11110 11011110, 1111111 11111111, 1111111111 1101111111 11100111 ugo·
11011, 111111 1111111111011110111, 1101 1110 1111111 010111111111011111-
11 01111 11101110 11111111 1111111 1111 111 1111111111 1111111100. 01111111
w 1111 11111 11111111 11111111 111111, 1 1111111111 10 11111111 1111001111 ‘

 

