62 6661666666 66616666. 6. 1311.

,6166166 1 16666666, 616166 616616 161666661 1616166661666661, 661661666
,666161 16116116 6166616161611616666 8661666111, 666666 66666 11616-
,66 1 16616616 666666166661, 111666 66 616161611 8616666611616161661,
,611 1161666616 1 16661616 6666616 66166111. 1666661616666 66666 166· 61661,
,6666661666616116 616116 6611661616, 6166616 1 6661661666] 666661616166-
,161661666 61666 661616611ε 6616 661 66666161 66666666] 61661, 66666616 616
,166166616161616666Ι 6161 666666666, 616666 6666616116 6161116161616 6666611
,666616 661616661, 6 666666611166 61666 616661616161166, 61611 ’616 6166661
,16166666166166666 616661611661. 1166116 1 1161666166 86616616116,
,111666161616666666 66 61616 611 1666166616616. 116661 6666161611
,6666666661616616 61666 166661616616 61666 1161666 6 1666666661 666616-
,66661, 6 666666666 111666166616661 Brun⁴ 6166611666 661666 6 666-
,616661 11661161, 616166 66666661 666616166666, 61666 Β616 616616 6666166611,
,6 16166 6 6616116 6666666666 661666, 6 66611661616 166166 66 6666166666-
,6616 11616666161161 6166661616 1 666661661, 6616166616 616116 116616 -

,66666 66666661 1661666 1 61661666666 66666 6166661 161616 6166166616 ‘

,66661616666 666661616 16611616661 66666666666 116661666, 61666611 sam
,1166616616 666616, 1 616 166661111 616666· 1616666 666616161 61666, 661116
,6666-66661666661 6166161 1616161116 1 166116. 1 161 61 66666166666166,
,6 6166666661 66661661 61666 661616616 616 6116161661, 1 6161616166166616-
,66616166 6 61666661 616 661616161666, 66161666 661 66666166 16616616 66
,16 6166616166 661616661. 1611616166 6166166 6166666· 66666, 666161 66611-
,16661 161611 11616 6666116616 6116 111616 6 616666616616166 616666 616 616-
,111666 6161611111666, 61666 666661666 666666· 61666, 616 6661666161 66666,
,6 16116 1 616161616 666661616 6616 1661 616666661116661 66 616616. 116 661
,6661661666 1611666 61666116 16161661616 16 6161666161 8161166 666666Ι
· ,6161661616116 666661116161666661 16616666611161661161, 16116661616161
,1611 61666 1 66166161, 11166616 116 61616616 6166616116 661616616, 6616-
,1666661616 66661661, 16116166166616161166· 61661611, 666166 6661161616,
,1 6661 6116 66666 1666 166666 666111 161 6611616, jak 61616 6616661 61616
,66 6661661 6161666 11666666 11611666 Ρ1666 1. 6161666 1 61616166661,
,1116661 6 116666 6666166661, 16161161116116111 66 61666661 6666616
,616, 61661616 6666116611. 1116 6666616166 66161161 6166616166161661, 61661666
,166166616 616 16611, 6 66161611661616661 66161666661166 6166161666161,
,666661116 16661 1 66661616, 66666 11166 6616616 11661 666161611 1 666661
,1661666616166616, 61661661 666616 166 6666116666616611, 1616616116
,666166 1116666166, 661666 16 616661616611616166661666. 1161616616
,66666666 616 66166 661 666661666 661 6616666 6661616, 6666666616616 6161-
,16 666616616161 661616 6166616116116 611616616. 116 661 116 16616166· 1616-
,161116 611616616 1 6666616166661116 16 616616 16661, 666666611 6666661616 ·

 

