1. 1111.Ι

1111111· 11111111 1111111111 111
11 1111111 111111111111· 1111111111 1111111111111111111.

1111111111, 1111 111111111111 1111111111 (1111111, 11111111 1 Stros-
11111, 1111111111 (111111111111 1111111111 11111111 1111111111 Ρ11-
skiego 8111111111111111111 1111111111, [1111111111 111111111111111111111
11111111 1111111 1111111111 11111111, 11111 1111111 1111111111 11111111111111
1111111, 1 1111111 11111111 11111111111111111111111 111 1111111111, 11111111-
111 1 11111111111111111111111111, 111111111 1111111111 ’11111111 11111111
1111111111111, 11111111111111111111111, 1111111 111111111111111 11-

11111 1111111, 1111111111111 1111111111 1111111111 w 111111111111 111111111
11111111 111111.

11111111 1111 111111 11111111 11111 11111111 11111111111111, 1 11111 1111111-
1111 11111111111111111111ε 111 111 11111 1111111111111111, 1111 myst-
111 1111 1111111

111 1111111111 1111111111, 11111 1111111 11111111111 11111111 1 1111111
11111111111 111111 1111111 od 111 1111111, 11111111111 111 11111111111111111-
1111, gdy los 11111111 111111 111 11111 1111 111111111111 1111111111111111.
111111 11111111 11111111111 1111111111, 11 11111111111 (1111111111 1111
111111111111 11111111 11111111111 11111111111111111111 iS. Κ11111
1 11111111111111111111111111111111111111, 1111111111 111 1111111111
11111111, 1 1111111 111111 11111, 1111 11111 11111111 11111111111111-
kiego 111 1111111111 11111111111111 11 1111111 1111111111. ’1111-
1111111 111111111111 11 11111111 1111111111 1111111111 go 1111111 11111
1111111 1111111111 1111111Η111111111111111111111111111, 1 11-
111 1111111111 11 111111 1111111111 Ρ11111111, prosi} 111111, 1111111 111111-
1111 11111111 je 1111111111. 111111, 11111 111111111111111111111 11111111111,
11111 11111111 11111111, 11111 11111111, 1111· 1111111111 1111111 11111111
1111111111, 1 1 111111 11111111111 1111111 1111111111111 111111 11111111-
1111 Wroelawskiego, 111111111111 1111111111 11111111; 1111111111
111111111111111111111, 1111111111, 1111111111111111111111 1111111111-
111111 11111111111111 1111111 111 11 111111. 1111111111 1111111, 11111
1111111 11111111111111111111111111 (1111111111111111 1 ludam 11111111, 111111
1111111 1111 (111111 1111111111, (1111111111111111 1111111111 0111111 11111-

11111 1111111111, 1 11111111 111111111111111111111 11111111 11111111·
J. 1111111111.1)ι11111’11111. Κι. Χ. 47

 

