1,

11. 1405. 1111111111 11111111. “ 529

,1111110111 11111111 11111111 1111111111 1111111111,.1 1111111111 111 11111

'¹ ,Ρο10111111 11111 Κ111111111 11111 1010111111 1101111111 w 1111111011.“
'⁵' 011111011111111111111 ,11111 1111011111 11111 11111011, 111 111111 Ρο-

,1011111 1110111 1111 1 11111111 11111111 1111111101 11111011; 111110
,1111011101111111 101 1111111111111, 1111111111 1111111 1011111 101111.“

Γ Α 111 1111111111 1111 Ρο1111 1 1110111101 0111111111111101110111111-

111111 1111111111 1111111 1 11101111, 1011111111 111 0111 111011 nie 1010111111
11111111.

. 1111111 1111111 111111 1111111111, 1111110111111111111111111111, 11111110 110111·
1 1 1111111111, 1011111111 in 111111 1111111, 1111111111111111011111101111-

111 10 11111111 111111 1110111 1111111111111.

[101111 1111111 11111111 1101111111 1111111, 11111 Alexander 1111011

<; 1111111 111111 1111111111 11111111111110101111 11111101Κο11111111Κ111-
· 111111 11111111 1111 11111 1111111111 w 11111011 1111111 81111, 10111111

Κο111111 1111111. 1101111Ρ11111. Ν1111111111 11111111111111
Ρο1111 1101111 111111 111011 11101 11111111 1111111, 101111 1111111111
1101101101111111111111111111111011111011111Β1111111101-
111011111101111111111 Polskiego, 111 1111111111 111110111111011111110-
111111 1111111111 11110111. Po 111111 1111011111 1101011111111 0110111· 11111-

, 11111111 1111111101 11111 1111111111, 10111111 111 w 1111111111 1111111111

0101111111. 111111111111111111111, 1111101111 1111111111 1. 81111111
101111Β1111111111111811111111 1111110111 11111111111110110111
111111, 1 1111111111011110111 111 1 1110111111011111111 1111111111 0111-
111111. 11111011 11011 1111111 11 1111111111111111111 110111 1011101 1 0110111 111111

, 11111111 1111111 1111 1 1111110111, 111111 0111111111 1111111 1101111111 1111

1111111111 1111 01101111 011111 1101111, 1111111111 111 11 1011111111 111111
111 10110111. Na drugim 110111 111111111 11111111111011111111111111,
Alexander 111111 1111111111, 11111011 11111111111 1111111111 1111-
111111, 1111111 110111, 111111111111111111111 111111 1011111111 10110111 1110-
111 0111011111ῃί1, 1001, 11111111 1010111111 111 1111111111 1 11111 2111111111,
1 1111111111111111101111111 10 1011111111111 1111110111 1 1110110111, 111-
11111 1111 1111101111 11111111111111 mog} 111 1111111111 11101 11111
1111101111, 11 110111111111111, po 11111111 1 po 1111111111 1111111111, (11111
111 11111111 111111101111111111111111111111111 101111 1111111111)
1111101111111111 1111111111, 1111110111 1 11101011 Ρ1111111111 1111110111

011110111111 1111111111. (111111 1111111111 1111110111 1111010111 11111-
J. munau. Ddeio Polnki. Κι. 1. 67

 

