11. 1310. 1111111111 11111111. 45 ’

11111 1111111, 1111 11 11111111 111 1111111111, 11111111 1111111111 1111111
’ 1 1111111111. 011111 111111 111111 1111111, 11 11111 1111111111 1 1111111
1 11111111111111111, 11111111111111111111 111111111111111111, i 11111-
11111 Κ111111111 111111 1111111111· 11111 1111111111. 111111 1 11111111
11111111 111 1 1111111 11111 1 1111111111 11 1111111111. 1111 111111, 11111111
11111111 1111111111 (111111111111111111111 111 11 1111 1111111 1111111111
111111 1 1111 11111111 111 11111111. 1111111111111111111 111111111111111111-
11111 11111111 1111111111 1111111111 Ρ1111111111111 1 111111111111,
11111111 11111 11111111 111111 1111 1111111111 ,1111111 1ο 111 11111111,
· ,1111 po 1111111 11111111 11111, 11111111 111Ι 1111 11111 1111111111, 11
,1111111111111111 1111111111 1111.“ 111 111 1111111111 1111 1111111 1111-
111111 111 11111111 1111111111 111111, 1111111111 11111 1111 111111 1111111
11111 1111111111 11111111. W 111111 1111 1111111111 111111 Κ1111111 11111-
111118111111 (ziffridus), 11111111 1111111111 111111 (1111111111-
11111111111111111111111111 Ρ1111111, 111111 1111111111 1111111111
1111111111 111111111111. 11111 111111 111 1111111111 1 11111, 111111111111
111111111111111 11111111 1111111111, 1111 11111 1111111 ,111111 11111 1111
,11111 111 11 111 111 111111, 11111 111111111111111111111111111111111
,111 1111111111 11111111 1111111111 1111111111 1111111, 11 1111111111, 1111·
111 11111111, 1111111 do 11111 1111111111 111 1111111111, 11111 1111111111
11111111 81111111 1111111111111111 1111111111111 11 1111111111, 1111111
1111111111 11111111 1111111111 111 1111111111. 1111111 1111111111111 111
111111 1111111111 111 111111, 111 1111111111 1 1111111111 11111111, 111
11111111 8111111 1111111 1111111111 11111111· 1111111 11111111, 1111 11 11-
11111111 111111 11111111 11111 111111 11 11111 1111111111, 111 111 1111111
1111111111 11111 1111111111, 11111 Bag 1111111111 1111111 1111111 11111.
111 111111 1111 1111111 11111111 1111111111, 111111 1111111 11 111111111-
1111,11111111111 1 111111111111111111. 8111111 111111 1111111 11111 111,
111111 111111 1111111111 111111, 1 1111111111 111111111111 1111111111 po-
111111, 111 11111111 111111 111111 111111111, 111111111 1111111111 11111111
1111111111 111111111111111, 1111 111111111111 111111 1 1111111. Widok
1111 1111111111 1111111111111111111111111 111111 1111111111, 1111111 11
to 1 1111111111111; 11111 11111 1111111111 1 111111, 1111111 1 11111111-
1111111 1 111111 1111111111 11111111111111111111 1 11111111 111111 111111-
11. 1111111 11111 111111, 11 1111111· 11111 111 11111111111111 1111111111 111
1111111111, 1 1111111 1111 1 111111 1111111111 11 1111111, 111 1111111 1111
111 1111111 111 1111111111, 1111111111 11 1 111111 1 1111111111 1111111 11111111
1111111 (11111111 11111111 1 11111111111111111111111111, 1 1111 11111111

- 11111111 1111111111) 1111111 111111111 11111111 1111111 11111111111111,

1111111111 11111111 1111111111, 1111 111 11 1111111111, 1 1111111 11111111

 

