29'0 1111111111 w. , 111361.

A 1111 11111111111 Β11111111 11111111111111111 11111 11111111111111,
11111111 11 1111111 1 1111111, 1111111 1111111 11111111 111111111111111111
111111111111111; 11111 11111 po 11111111111, 11111111 1111111 111111-
1111, 1111111111111 11 1111111 1111 11111111 111111 11111 1 11111111 111-
111111111 1 11111111111111111Β11111111111 S. 111111, 111111111111
1111111111 1111111111, 111 1111111 1111 111111 1111111111 11
111111111111111111 1111111, 11111111111111111111 1111111111 111111111
111111 1111111 11111111Β11111111111 11111, 111111 111111 11111111 111-
111111111111111111111. 111 11 tego 11111, 11111111111111,11111111111
111111111 1 1111111111 1111111111, 1111111111 11 1111111 Β11111
1111111111, 1111111111 111 1 1111111, 111 11 1111111111111111111 1 1111111-
111 1111111111 11111111 11111 1111111111 111111. 111 111 1111111111
Β11111111 111111111111 11111 11111111111111111111 1111 11111111 1111111
111111, 1111111111 11111111 S. wincentego 11 111111111111 11111111-
111111, 1111111111111 Β11111111111 111111111111111, 1111111111111111
111 111111111111 11111111111 11111111111 1 1111111 11111111Β11111111111,
111111111111 1111111111 S. Piotra 11111 11111111111111111 11111111-
111111 11111111111, 111Λ 1111111111 11 11 11111111. 11111 1111111 8111111

· 1111111111 1111111111 11111111111 111111111111 111 111111.

1111111111111111111111 1111111111 ι 1111111111 1111111111111111
111111 11111111.

11111111 1111111 111111, 111111111 11111111111111 1111 111111,
111111111 11 111 111111111 111111111 1111111111 Η111111 8111111-
1111, 11111111 go 11 11111111111 11111. 111 1111111111111 11111-
11111 11111111, 111111111111111111111111, 11111111] 1111111111 11111111
111111 1111111111. 1111111111111 1 11111111 111111 1111 11111111 111111-
11111, 111111111111111111111 1 111111, 1111111111111111111 11 111111,
1 11111111 11111111 1111111 1111111 11111111 1111 11111 1111111111 11 Ρ111
11111111.

1111111111111111111111111 11111111 11 1111111 111111 1111111111 molum

11111111 111111111111, 111111111111111 111111111 11111 111111,
1111111 1 11111111 11111111 1111111111 111111. Po nim 11111111 11111-
11 1111111 8111111111 Ι, 1111111111 11111111 11111111111111, 1111
11111111111111111111111111(11111111, 1111111111 Ρ111111111,

 

