540 3 3333333333 333333. 3. 1408.

’ 111333 31311 po jego 3133313, 3 13 3 333313 3133133313 33113313 13113 333311

113 3333313133313 33133131 13131313. 1133 3133 331 33113131 3333113131 333-
1333333, 3 333313 331313 33333 3 813313 333331 33133331 1331333113,
331313, 13133133313313313 31333333,1131333131303313133313,
3133 33133 11333113, 1 3131113331 1333313. Ζ 81333 3131 3131311131-
ni, 31313 3313313333 33333 3133, 3 333313 313111333 postu 3133331131 31313
1131131, 3133131 13333331 1313333· 3 131331, 1 31313 131313 1331313113·
3131313331 zJazd 33131311 3313333, 3 33133· 1313311313 3311113313-
33331 3131333, 3131313 11313 Ρ1313 13 Luna 1333 33331 w 131131313133-
33131113 3 31313333 331331 11331313 33313113 31133331, 1 3311333311333133Ι
3313331 3313313. 1131331331313 3133331333 81333313, 313131333133133113-
13131 33313113, 131 1133333333 33131Β33313113, 1131311 313 po 31-
13331] 31333331, 313 33333 3131333 1 1331333333 3133333, 31313133 33311 33-
gai& 331333 3333333133 w 3313 3131333313 13131313 (331 1333133 Ρ13133
13 Luna 33311 33331113 1111313 13313 3313333113 31331 1133331-
3113 j 33333131131313131133133133331311333, 1313313313 1331333113
3333131131 3131333313 3133133133313311133333333), Β311333313113333,
13313331133133131; S. 1331331333, legat Β3331311, 1313131 Ρ1313
11331313331331333 13331 3313133331, 1133131331 3133131 Β33113-
3333111, 133133313313133331, 313333311311133331333113 3333313313
3133313313 3 Ρ1313 3333331333 3311333. 11313 3333331313333 313 13313-
3313313 3133131311 3133331313, 3333333311 3133313, 1 333333311333131131311333
gorza XII 333133333333 3313 3333 3813313, Ρ13133331 13 Luna
ogloszeniem 313113. 113133 331333 3333131313133 133331 3 11331333 Ρ1313
11333 biskup Κ33133311, 3133333 3333131133, 3 1133313 gronio 33313-
3113313 3311113 31333133 3133 1333313333 33333131 3333 1333133333
3313333, 13 3331 Boga 11333 13131313, 1 113 3133313 13113133 Ρ31311333,
3 3313313313 313333331313133, 33333133 1 3331331313 333311 3311313. stavili 313
3313333333333 3313333 Ρ13313113 33333 3331313 3313333331113, 1133·-
313313 Ρ33331311,13111)Ρ13311, 1133133 11333133311, 133311
(11313311, 13131333 31333133 331313 311333 Κ33133313, 1331131313
131313 Ρ13311333, 11313133 3331 13313311, 113313331313133 313313
1 13333331 1133313331133. 13331331 13113 3331311313 133 biskup Lubuski
33313331113131313131133. 131331131333133333133133333313333 133-
133313313 313 333113333131113 3113333333311313 3 3333133133, 13 133131333-
313311333333331Β33313113. 1313133333 3 3131133 3133131313 3 3313
3131333333 13131313, 31331133313333133333 113133 Κ3313133313,
33133 113313, 3313331333133131333313, 1113333 3333311 Alexandrum 1.
Po 3131333313 3313333 1331313313 13131313 Β31333, 11313 11333 1313133
1133133311 grob i miejsoe 3333133313 1133131313333333312133131. 31·

 

