9999999999 99999999 9999999999 9999999999 9 9999 999999 od 999 99999999
9999999 9999999 9999999999 99999999 99999 99999999999999 999 ι939999 9 999
999 99999999999999 9999999999 99999 4999999 N 99999 9999999999 9 9999
-9999 9 9999999991 9999999999 99999 9 99 999999 9 (999999 op 99939999 999999
-999 99999 99999999 ί999999 9999999999999 9999999 99999 9999999999 999
99999999 999999 M 999999 9999999 999999 99999 op 9999999 ι99999 99999999
-99 99999 ι9999 99999999999999 99999999 9 (9999999999 9993 9999999 9999999
99999993 9 ‘modo 99999999 999 9999399 9939 ἐ99999 9399999999 9 9999999
-99 9999999999 99999 999999 999999 999399 9999999 999999 99999 9999999999 9
ι99999999 9999 9 99993 999 999999 9999999999 9999999 999999 9999999999 99999
od 9999999999 9 ι9999 op 99999999 9999999999 99999999 ι99999 9 999999
-999 [99999999 99999999 99999999 9 9999999999 9 99999999 (9999
-99999 ί999399) 99999999 9999999 999999 9999999 9999 op 9999 9 99999999
-999 9999939999 999999 9 99999 9999999 99999 99999999 9999999399 99999·
9999999999 9999999 9999 ’99999999 9 9999999999 9 (99999999) 9999 {qums
9999 99399 9 9999 99 9999999 99999 (999999 op 9999999999 999 999999
9999999 9999 999999 999999 9999999999 9999999999 999 99999999 99999999
3999999399 999999 9 ι999999999999 999999 po 9999999999) 999 ’999999
-99999 99999999 9 9999999 stud op 99999 999999 9 99999 999999 9999999
9 (999 99999999 2 99 9999999 99999999 {mom 999

9999999991 9999999 9 9999999999 99999 stud 99 9999999991 99999999 -
99999999 9999 9 ’99999999 999999 999999 99999999 9999999 *99999 9999999

’9999999999999 9 99999991 999 99999999999 99 999999 9999)
9999999 999999 9999 ι999999 99 99999 999 9999999999999 9999 99939999 999
99999999 ι999999999999 99999999) 9 99999999999 9999999999 93 999)
-9999 ι9999999999 s 9999999999 999 9999999999 s 9999999999 pod 99999
-99 9 99999999 99999999 ss 9999999999 [9999999999οά 9 9399 99999 9999999
’9 99999 999999 99 99999999 99999999 99999999 99999999 99999999999 99999
99999 93999999 (9999999999 9999999 9 9999991 9 9999999 9999 99999999
99999 9 9999999999 9 9999999991 9999 99 (99999999 99999) 9999999 9999999
9999 (99999999 9999999 9999999999 9999999999 99999999 ss 9999999999 9
9999999991 99999999 (9999 99 99999 999 99999999999 999999 999399 9 99999
-999999999999999 99999999999999999999999 999939999999999

9999999999 9 9999999999 9 939990999319399999999 9999999999 9 9999999999

99999 99 9 99999999 989

 

