1111 1 ι11111111 1111111111 1111 1111111 1 111111 M 111111 1311111111
ι1111111111 111 11111 1111131111 111 11111111 ι111111111111111111111
-11111 1 111113 1111 1111111111 1111111111 11111 ’111111111111131111111 11111
-1111111111111111111 111111111111111111111111111 1111 1111111111 111111111111111
-111111111111113111111111131111111111111111111111111111111111
1111111111 11111111 1 1111111111111111111111111111 6111111) 11111111

’1111111111 11 11111111 1211111
mm 11111 12111 11111 11 1111111 ’1111111 11 11111111 1111111111 1111111

1111111111 111111 11111111
1111111 111 ι1111111111111111 11111 11 11113 111111 11 11111 111111 111
1-11111 1111111111-111111111111111111111111 1 (1111111) 11111111111111
11 1111111111 111111 1111111111 M 111111 1111111111 od 111111 111113
11111 ι11111111111111111111111 1111111 111111 1111111111111111 1111111
111111 1111111111 11 1111111111111111 ί11111111 111 1111 1 1111111 111
ι1111111 11111111 11111 11 111 111111 ι11111111111111111111111111111
11111111 1111111111 ι11111111 1111 1111113111111 1111111 1 (11111111
-111 11111111 111111 111 111 1111111 (1111111111111111111111111111
111111111111111 11111 1111111111 61111111111111111113 1111111 611111
1111111111 111111 1111111 1311 111111 1111111 11111111 1111 61111111111
11111111 11111111 ι11111111 1111111 1113111 1111111111 *1311111111
11111 1111111111 1111111 1111 (1111111 111111 1111111111

· 111
,11111111 11118 11118111 [m 111ἒ110111111111111 1111111111 ’1111121111111111

11111111
11111111 1111111111 1111111113 ἰ11111111 1111111111111111111111 1 1111111
Ι11111111 1111 1111111111111111111131111 11111111 11111 1111111 ι11111
1111111111 1111111111111 11 11111111 111 1111111111 (1111111 1111111111
1111111111 13111111 111 11111111 11111111 1111111111111111111311,
-11111 1111111311 11 111 1111111111 1 1 (1111111111 111111111111111111
11 111 (1111111111 1 1311111111 1111111 11 1111111 11111111 ι111
-111111111111111 1111 11111111111111111111111 111111 11111 111111
-11 1111 11111111111111 1111111111 11 1111111 1111111 ι1111111111 11111111
-1111111111111113 11111111 ι1111111111 1 1111111111 11111111111911
111111 11111 111111111111111111111 1311111111 1111111111 111 111111

111111 ’11111111 1111111111 111

 

