130 1111111111 1111111111. 1. 1331. ,

8111111, 1111111111, 1111111 1 1111111111 1111111111 1111111111111 11111-
1111111111111111111 1 11111111, 11111111111111 1 1111111111, 11111111
11111111111 11111 1 1111111111111111111111111111, 1111 1111111111, 111·
1111111 1111, 11111111111111111111 111111, 11111111 111 11111111 11-
111111111111111, 1111111111 1111111111 11111111 1111111 11111; 1111111111
111111 111111 11111111 1111 1111111 (1111111111 11111 1111111111· 1111111
11111111 1 11111111, 111111111111 11111111111111111111111111111,
111111111111111Ι 111111 11111 1111111111. 111111 111111 111111111 111
1111111111 1111111111, 11111111 111111. 1111111111 11111111111111111 111
11111111 1111111111111 111111111111 1 11111111, 111111111111111111111-
. 11111111 1111111111 11111111111111111111111111111118. 8111111111
111111 111111111 111, 111111111 111111111111111 S. 811111111111111
’1111111111 111, 1111111 11111111, 111 1111111111111111 1111111111-
11111 po 111 11111111 1111111111111111111111, 1111111 1111111, 1111111
1111111111 1111111111 111111111111111111111111111111111·
111111 1 11111 1111111111111. 11111 1111111111 111 1 1111111111 na 111
11111111111111111 1111 111 1111111 1111111111 111 111111111111111
111111111111111111111111111111, 1111 11111111, 8111111111-
111111111111111111111, 1111111 111111 1111111 11111111111111, 1111111
1111111111 1111 111111 1111111111 11111111111111111111111111 11111.

nou 1111111 ml.

1111111111 11111 111111, 1111111111 1111111111 1 11111111 11111111 111111-

mogo 11 11111111111111111111111· 111111, ’11111111 1111111 movi mm

[1111111111. 11111111 tyn 1111111 vinnom 1111111111 11 111111 1111111111,
1111111 1111 1 111111111111111111111 11111111 11111111 11111111

111111 11111 11111111111 11111 1111111111 1 1111111111 Pru·
11111, 1111111 11111 111111111, 1111111 11111 111111, 11111111111111111
111111, 1111111 11111 11111 11111111, 1111111111111111; 11111111 11111111
11111111 111111 1111111111111 111 1111111111, J 111 11111 1111111111
111111 111111111111 11111 1111111111 11111111111111111 11111111111111111
111111111111111, 1 111 11111111 111 1 1111111111 11111111 1111111
1111 1111111, 1111111 1111111111111111 111111 111111 111111 111-
1111 11111 1111111111111 1111111111 11 111111 1111111111 1111111111
1111111, 1 1 11111111 11111Ρ11111111 111111111111111111 (1111111111
0111111111 11111, 1111111 111 11111111 11111111 do 111111) 11111 11111111
111 1111111. 1111111111, 111 1111111111, 111111111111111, 1111111111111

 

