208 1111111111 1. 111346. ,

111111 1111111 11111111 11111, 1111111 po 1111· 1111111111 1 111111 111111

1 (1111111111, 11111111111111111 111111 11 1111111 111111111111111 v 11111111,

jak 11111 111 11111111, 11111 1 111111111111 1111111111. 1111111 tatio Su·
11111111 1111111 1111111111 11111111.

Η11111111111111111, 11111111 Ρ1111111, 1111111111 111111111111111111
11111111 1111111, 1 111111 11111111 1111111111 111111 1 1111 11111111 do 11111-
11111111 1111111 1111111111, 1 111111 11111 1111111111 1111111111111111 111 1111
1111111 111111111111 1111111 1111111111 111 111111, 111111111111111111 (1111111111
1111 11111111111111. 0111111, 1111111 1111111111, 1111111111 1111111111
1111111111, 11181111111111, 1111111111, 111111111111111111111, 11111111
0111111111111 S. Μ1111 1 1111111111 1 jego 1111111111 11111 1111111. Po 11111-
111 1 1111 111111 11111, 1111111111 Rusini ulegli, 11111111 1 Κ111111111111-
mali 1111111111. 1111111111 (1111111111 1111111111 1 11111111111111
1111111 1111 111111. Μ11111 1 Κ111111111111 11111111111 11111111 11111 1 111111·
1111111111111111, 1111111 do swego 111111, 1111 1111111111 111111111111111-
1111111 111111111111111111 11111111 111111111111111111Κ1111111 (111111-
berg), 11111111 111111111111111111 Pruski 111111111111111111, 111111111-
11111111111111. 11111111111111 111 1111, 1111111111111 1111111, 1111111111
11111111 Pruski Η1111111 1111111111 11111111111111111111 11111111, 1
11111111 ’1111111111 111111. Α 11111111 (1111111111 mu 111 11111111, 1111111-
111111 1 1111111111 1111111111 1111 1 111111, 11111 1111111111 1111111 1111111111
111111111111 1 popiele, 1 11111111 1 1111111111 do Prus 11111111. Alo gdy
11111111 111111 1111111 1111111111 Η1111111 1111111111 1111111111, 11 0111111
111111 1111111111 1 11111111 1111 11111111111111111111 11111111 1111111111, 11-
1111111 1111111 1 11111111 1 1111111111 1111111111, 11111111 11111111 1 pole i
' i 1111111111 1111111, 111 111111111111111111111111111111111111. 1111111111111111
1111111111 11111111111111 1111111 11111 11111, 1 1 11111 1111111 1111111111 1111-
1111 11111111111111111 11111111111111111, 1 1111111 1111111 111111· 1111 111111-
111111 11111111111 1 11111111.

Ζ 1111111 1 11111111 11111111 1111111111111111, 111111 111 1111 1111111 11111
1111111111 1111111111 11111111 1111111 1 1111111111.

Κ1111111111111111111 11111111, 11 1111111111 11111 1111111111 1 111111-
11Β11111111 1111111 1111111111 na 111111 1 111111 111111111111 11111111
1111111111, 1111111111 11111 111 111111 1111111111· 11111, 111111 1111111 1111111
1111111111 1111111111, 111 111111111111111111111111111111,’ 1111111111

 

