111 mmm. ’ 11111.

11111111 1111 1111111111 1111 11111111111111111111 11111· 1111111111 1111111111
1111111111111111 11111111 111, 1111111 v (11111111 1111111111 1111111111 11111-
11111111 11111111 111 111111 11111111, 1111111111111111111111 1111111111, 1161
1111111 11111111111111, 111 11111111111111111111 11111 1111111111 11111111 1111111-
stin: 11111111111111111111 1111 11111111 1111111111 111111 1111111111 11111
11111111 1111111111111111111111 11111111 0111111111, 111111111111111111111
1111111111111111 11111111 go 11 tego 1111111111, 111111111111111 11111111
11111111, 11 jo 11111111 1111 111111111111111111 11111111.

Po 11111111111111111111 1 1111111 11111111111 1111111111 1ο 111 1111111
11111 Κ11111111111 11111 Polskiego 1111 11111111 111111111111, postmo-
111 11111111 1111 1111111111 11111111111111111111111111 11 11111111-
skiego, i 11111111111111111111 (111111111111 1111111111 1 1111111 11111111,
1111 (1111111111 1111111111. 1111111111 J 1111111 111111111111111111111111
1 1111111111111111 Ρ11111111111111 1111, 11111111111111111111· w 11111111-
1111111111 111111111111111, 1111111111 1 1111111111. 1111111 1111111111 od 11111 Lu-
11111, 111 11111111 111111 111 111 (11111111, 1 1111111111 111111-
11111111111 11111111 1111111111111111111111111111111 1111111 1111111-
go. Alo 1111111 11111111 111111111111111 Κ11111111111 1111111111 111
111111111111111, 1 1111 11111111 1111111111, 111111 (1111111111 1111111111
11111111, 11111111111111111111Κ111111111, 1111111111 1111111
111111111111111111111111, 1111 (11111111 1111 1111111111 1111 11-
11111111, 111 11111 1111 1111111111 1111111111 11111111 1111 1111111111111
(1111111 111111 1111111111111, 111 11111111 111111111111 Κ111111111 111111-
111 Κ111ό1 1111111111 11111111. 111111 1111111 11111111 1111111111 11111-
11111111, 11111 111 1111 11111111 111 1111111111, 111111111111111111 1111
1111111111 11111111 (111111111111111 1111111 1111111111 1111111111 111-
111111111 1111111. 11111111 111111111111 (11111111111, 11111111 1111111-
111111111 Κ1111111, 1111111111111111111111, 11111111111111111111 x
S. 11111111, 111111(111111111111111111111111111, 1 1111111111 1111 1111111 ¹
11111111111111111· 111111111111Ι 11111111, 1 11111111 11111111· 11111111, 4
111111 11Κ111111111111111111111111, 11111111 (111111 11111 1111111111· 3
111, 111111 1 Jadwigi, 11111 111111111 11111111111111111111111· ;
111111 1111111111 11111111111111111 1111111111 111111 1 11111111111 ;
111 11111 111111111, 1 11111111111111111111, 111 11111 1111111 1111111111 x
1111111. 1111111111111111111111 1111111 1111111111 111111 11111· ³
111 11111111, 11111111] Κ111111111111111 8111111111111111111111111,
1 1111111111 111111 0111111, 11111111111 1111111111 1111111111 11111 '
111111111 111111111 1 11111111. 111 11111111 11111 11111111 1111111111 1

 

