1115151555. 519. . Ε5γ1 5151. Ριιιιιι 335

015155 Ι. 0115155, ιιι. 1 zum. 514. Ε515551116515 243.

0555555οωί55 ιι. 392. 75151515 55515 15. 1155155 5511 1551555 15 Ruti. 37.
ῠγ5511515551511 w. 11ιό1 qu. 159.

0551151551 urcyb. Strygofi. 410. 422. 1¹.

11551155 1155515 515551 430. 431. 435.

1155515555, Dyament, 5551. 111. Cyster. 63. 7511555111 55. 8515551.

1155515555 pan qurler. 127. 75555551 15. 115555 316. .
12511555 5 manburg: 5515555511. 75Ι1ογ55 5551153155. 124.

1151511615 (05516555) ιιι. 349. 552. 7551555 5555155 Κ51515 15. 81551. 428.
1151515555 herb. 551. 8. 507. 75555585 syn 1111555515. Arag. 25
01155151 15151511 1157115555) 11551. 1151515 352. 75155111. 532.

373. 374. 394. 7111515. 11555. 13. 30. 49. 82. 207. 209.
05155151 05555515 15551. 855155. 397. 412. 71115 hr. 75115555511561585555. 75
1151555γ511 (1155551515) ιι. 474, 71115 ι. 8515515515. Kny1. 22.
1151551γ5155 1. [1515515155 (05551555) 55. 05155151. 7111515551. 1551. Pol. 90. 97.

71155555 1555 2511515 15551. Pozn. 280
n, 715151555 11551. 11. 15. 05. 21.
7155555γ5 ιιι. 70.
Ε155555115.155151. 207. 7155γ55 8555γ ryc. poL 143.
Ει1γς5 5515 15155. 495. 497. 7155γ55 5 14515515 5151. 11551. 288. 289. 299. «m
Εςιι (Εςιι) ιιι. 20. 312. 314. 352. 362.
Ε1555515 (Eo-0910, Ε559155, [551551 m. 277. 284. 7151555 ι 1151515155 5151. Ρ155. 82. 154.

343. 357. 7155155 prob. i 15551 155515. 236.
Ε115555555 zum. 266. 357. 7155555 prob. 11151. 257.

ΕΙ5159 ιιι. 465. 7155155 511556555555 551. 551 487.

Ε1555555 56515 1115555 15. 4153. 25. 7555515515515. 181.

Ε11555555155551.1555. 150. 75555551. 459. 462.

Ε15551551151Β51ςί 319. 321. 328. 75555γ5. 207. 216. 316. 354.

ΕΙιιΙς 55151513. 755515551515 (7555115155) zum. 100. 206.

tuimet· 5155 Βγιιι, 1551511551. 1. 15. 05. 1 Pol. 7555171151 uad 115555. 39. 72. 484. 508. 557.
5 551515 11515115, 2. 3. 5. 12. 24. 25 7555111151 5510155. 110. 114. 511.

Ε1151515 15. 0555151555155555515555. 38. 56. 755γ5551551ι5 295

ιι. 55. 55. 55. ιιι. 55. 55. *rmum (55555) 55. 55
tumet· tokietkowna, 1555 Κ55515 15. qu. 93. 755115 8555555515. 6. 12.

161. 190. 197. 270. 271. 282. 307. 312. 316. 175γά5551 15. 45515. 555. 15. Rzym 36. 72. 106.

318. 319. 841. 343. 350. 362. 75γάιιγ1 margr. 11115511. 557.

Ε1151515 55115 115515. W. 555155. Bogus1awowi 15 75γ551γ1 margr. Braudeb. 557.

855555. 181. 198. 299. Frydoryk v. wodol. 337.
Ε1151515 5555551511551151115551155515158515. fryderyk arcyb. 115151. 345.

273. 274-276. 281. 311. 345. 472. 7551155115. Wonden 1551155Τ55515 523.
Ε1151515 1555 1515. 15. qu. 1 Pol. 231. 285. 320.

325 388. 390. 398. 401. 404 407. 413. 416⁴- G.

418. 421-425 427. 448.

[1151515 1555 1151115 15. 115555. 282. 1151555555 ιι. 392.

Ε1151515 15558151. 15. Β55511 282. 317. natura 15 0555551555153511555151.1691701113.
55555 ιι. 55515555. eumz w. ιιι.

Ε1151515 55515 Η555. 15. Wrocl. 102. Galowo m. 421.

Ε1151515 56515 Β51. 15 1555515. 206. 11555 5511115151.

Ε11515151555Η555. ks. Opol. 218. 293. 055965 w. 228.

12151515 8551155γ5 55515 11151. Jagiesty i ,15151- emin (1115155. (15115555, 0551555, 1155115) 55-

31500, 1515 055155, 5515. 18. 20. 27. 104. 277. 451. ’
sublata 1555 859115 5 1115155555. 521. 456. 457. 459.

[55515551 new· mistrz Prus. 471. 0551511511 555151, ob. Grodziefiski.
Erlogon powiat 111. 104. 05515515 (1155555151). 71.
Ε55551 arcyb. Prag. 201. (1551511 (0551551155) (15565155 555. 11151555. 281.

 

