550 1111111111 11111110. 111409.

,111 111 10111, 111 0111111111, 1 1111111011 11111 1101011011 na 1111, 01111
,10111111111111 1111111111111111, 1111111 1111111111, 1111101111131111 w po-
,111111 1111101111111 0 111 111111 111111 11111111111111111. Ν11 111111
,1111111111Ι 11 11111111111111111 11111 11111111 10110111 111 11011, 111
,1111111111111Ι 1 111111111101111 111111111111111. 1111110 okazujomy‚ 10
,11011111111111111 11 11111 1 religia 1111111111111 1111111 1010 1111110·
,111 111111 1111111 11111111 11 111111, 1111111111 Ρ111 1111111111
,11111111 1111 1011111 1111111 Βο11] 101111111111111 10111011 1111111111,
,11111 111111111111 1111101111,1111111111111 1111 1111111 1111111111
,(1011 11111111 1 1110111111 sad 1111111011. 01111 111111 1111110111 111 11010,

l
1

,1101011111 11111111 111101 11111011 111111111111111111 1 11111011 3
,1111111111111111110111111111111111111111111111011111,1110 11111-
„my 111111 jest 1111111111 11111- 011, 0! zgmw, 1111111111101111111- 1

,1111111111 11011011, 1 1101111111111111111 11 1010111110. Niechaij

„raczej 1 11110 011 111111 1111111 11111, 1111 111 10111111, 1 1111110 ,
,111110 11110111. 011 1011111, 111 111111 111111 1 11011111 ja 11111, 1111111111

,11111111 11101111, 11 111111 01 11111 1111111111 111111 1 11111 111 1111111111

,1111111111 111111111101111111Ι 11111111101111111. 111111111111111111010-
,111 1011111111, 110 11 11111 11111111 1 Ρ1111111, 1 11111111 11111 1111 J

,0110111111 0111111111110 11101111. 11111111, 1 1011111111 1 1111, eo

,11 1111110 11011010, 11011111 1011 111111111; 1111010 1011111111 ,
musnay, 11111111 011011111111, 101 1111110111111, 1111111111 11111111 1
,0 11111 3011110111, 1111111111] 111 1101111111 0111111111 1011111111 1111- =

,1111111111111110 111111 pogan 11111111 111 11011111, 11111111 10 111111
,1110111111 jak 10 1111111 11 Ζ 11111111111, 1111101 1011111 1111111

,01111111 1111111111 111111 111 111111 1111110 10 1111111101111111 111 ,

,1111111111 110111111111111 1111111 111111 111111 11111110. To 111110 11110
,111 11111110, 111 1110in krajo 01111 ,1111101111 111111011111 10111111. ,

,1111 111111 1101111, 1111111 111. 1111101111 111111111111111111 ι1111111-
,11 10111101111111, 11111011111111101111111111111111. Nioma 111-
,11110111 11111111, 111111 111 Bag 01111111 111 111111, 1111111111 1111111
,1111111111 101 111 1111111011 1111111. To 11111 111111111111 ipo-

,11111111 111111010111 110111111111 10111, 1111010111 1110101111111011 ,
,1111111111 0111110 0111111111, 1111111111 11111011 1111111101, 11-

,1111 1111011111011 10111111 1111111. Βο11111 1111111011 11111111 ,

,1111111 1111011 111111 1011111, 111 111111 1111011111, 1111 11111
,10111111 1011. Ι 1111111 11111111 111 111 1 1111111, 11011 w 1111 11111-
,111 11111111111111 111011110111. 111111 11111111 110111 1111111
,1101111111 111110 1111011 1101110111 10· 11111111 111111 1111111 111

,1111111 11011111 11111111 10111111, 1113111111 1110111 1111111111· ¹

 

