1. 1307. 1111111111 11111111. 33

11111111 joe 1111111111 11111111, 1111111111 111 Ρ1111111, 1111111111
11111111 1111111, te 111111 11111111 11111111, 1111111111, 11 1111111, 1 111111
1111111111111111111 111111111111 111111 1111 1111111111111111111111
1111111111,11111111111111111111111111111111111111111111.11111
ten 11 11111111 ude} eie 11111 do 11111111 111111 Pru'ekiege Henryke
1. 1111111111111) 11111 pose} keieeeeie 11111111111111111111
11111111111111111111111111, 1111111 11111111 11111111 1 Jege 11111111-
1111111111 1111111111 11111111111 1 111111 1111111111 ed 1111111111111
1111111111, 1 111111111 111 [1111111111 111111, 111111 1111111111
1111111111 1111111111 11111111 111111(1111111111111111111111 111 1111111-
11111111111111 Jege Kenrede 1111111111 11111111111111 1Κ1111-
ekiego, 11111 1111 11111111 1111 1111111111, 1111111111 1111111111 1111111
11111111111111111 i negrede‚ 111111 1 1111111111 11 te ueluge 1111111111
eie mieli 1 11111 1 11111111 1111 1111111111 11111111111 11111111.
1111111 Η11111 1 111111 1111111111 (praeceptores) 111111 111111111111
(111111111111111111 Ρ1111111111, 11111 11111111 111111 1111111 pregneli,
11 111111111 1111111 1111111111 11111111111 11111111 1111111 1111111111,
niejego debre ele 1111111111111 111111 11 1111, 111 1 111111111111 111111
11111111 (1111111111111 11111111111111111111ε 11111111 1111111 1111111-
11111, 1111111111, 11 111111 (11111111 w 1111111 11111111 1111111111
1111111111111111 Begusze sedeiege i Ρ111111, druge 111111 111 11111
111 1111 11111 111111 1 111111111111111 bede, 111 11111111 1111111 1 11-
11111111, 11111 11111111 11111 iped 1111111 11111111 11111111 1111111111
111111111111111 lub 1111111 11 11111111111111111111, 111 11111111
(11111111 1111 1111111 11111111. Depiere 1111111111111 11111111, 11-
1111111 1111111111 111111 11111111, 111111 11111 111111. Agdy pe 1111111
1111111 1111 1111111 1111111 1111111111111111111111111 11111 1 1111111,
111 pe 111111, bez 11111111 1 11111111111111 11111111111111111111111111-
11111 1111111111, 1 11111111111111111111111111. Pe 111111 1111111 11-
pewnienej 1111111111 11111111111111 1 1111111111, 1111111 Ρ11111 Η11111,
11111 1111111111 11111111, 111111111111111111 1111 dle 11111111 11111111
1111111111 1 111111111111111111111, 1111111 111111 1111111111 0 opene-
11111 111111 1111111111 1111111111 11 nie 1111111111 111 111111. 11111
1111111111111 111111 111111 111111 (1111111111 1111111 11111 Begueze
11111111 Pemerekiege ietereete edeeskiege; 1111111 (1111111.
8111111111 g 1 1111111 Κ1111111111 1111111111 111111111 1111111 11111-
nem, 1111111 1111111 1111111111] Brendeburskim i Seeem 1 111111-
1111 11111111 11111111 1111111 111111. W drugiej 1111111 111111 11111111

11111111 Beguez 1 1111111111 1111111 1 1111111111 Ρ11111111111 111
1. emm. 111· eoem. 111111 ⁵

*U

 

