11311. 1111111111 11111111. 13Ι

1111111111111111111 11111111, 111111 111111111111 1 1111111111111111111
111111111111, 11111111 1111111111 1111 111111111 111111 Ρ11111111111 111111-
· 11111111 111111 1 11111111 1111111111111111 1111111. 011111111111111 111111
1111 1111111, ,1111111 111111, 11111 11111 111 1111111111 go 1111111111
,1111111111111111 Ρ1111111111; 1111111111 11 1111111111, 11111111111111
„i 1111111111Β111 11111, 1111111 111 11111111 1 11111111111 1 111111 11111
,1111111111,“ 1111111111 1 111111111 11111111 1111111 Β1111111, 1 1 pa·

1 nami 1111111 111111 1111111111 11111111111 Ρ1111111, 11111 1111111111 1

1111111111. 01 tego 11111111 11111111111111111ΙΠ, 11111 Ρ111111-
go, do 1111 Ρ1111111111111111111 1111111111111111111111111111111 11111111,
111111 111111111 11111111 1111111 11111111, 1111111111 1 1111111111111111
1111111111, 111111111111, 11111 1111111 111 1111111111 111111 1111111111111- ,

· 11111111 1111111111 11111 1111111111111 Boskiego 111 11111111 111 1111

11111111111111111 Ρ11111111 1111111111 ΙΙΙ, 1111111111111 1111111111,
1111111111 11111111 1111111111 11111 111 1111111111 111111 11111111111111.

111111 mhi, 1111111111 11111111111111 1111111111 11 111111 11111111, 11-
1111 11 11 1111111111 11111111111111111111111.

1111111 Pruski 111111, 11111111 1111111 11111111111111 11111111
11111111, 1111111 11111111 1111111 11111 1111111111 111111 Ρ1111111111
1111111111111 1111111111 1111111111 portu morski0g0‚ 11111111111111111
11111111, 1111111111 11111111, 111 111111111111111 11111111, 1111111111 11111111
1 11111111, 11111111 11111 1 11111111 111111 1111111111111. 1111 111111111111
tego 11111111, Ι11111111111111111 11 1111111111 11111111 Β11111111-
111111 111111111 1111 1111, celem 1111111111 111, 11111111111111-
11111111111111111111111 11111111 111111111 111111 11111111, 11111111
1111111· 1111111111 1111111111 1111111 1111111, 11111 1 11111111. 1111 1111111111
111111111111111Ρ1111111111 111111, 1111111 11111111 1111111 111111
111111111111111 1111111111111111111 11111111111111 1111111111. Wol-
111111, 1111111111 Β11111111111, 11111111111111111111111111111 1111-
111111111111111111111111111111111 11111111 111111 11111111 11111 11111111-
1111, 1111111 11 111 111111, 11111111111 11111111 1111 111, 11111111
111111 111111 111111111 11 1111111 Ρ1111111111 1111111111, 111111111111111
1 11111111 1111111111111111 111111111111, 1111111111 111 1111111111· 1111
111111. 1111111111 111111 1111111111 1 111111 Κ11111111, 11111 111111 1
1111111111 111111, 111111 1111111 11111111 11111111 1111, 1111-
111111, 111111 811111,11,“11111’11 inni 1111111111 1 Ν1111111111111,
11111111 1111111 11111111 1111111111 11111 1111111111, 111111 1111111111

 

