1. 1344. - 1111111111 1. 199

1111111111111111111111 1 11111111111111111111111, 111111111111 1111-
11111111 1111111 1 111111, 1111111111 1111111 1111111111111, 111 111 111-
11 111111111 1111111. 111 11111111 111111111111 1111111 8111111111
11111111111111, 111111 111111 11 Ι111111, 11111111 1111111 1111111111,
111111111111111111111 11111111, 11 111111111111111 11111111111 11 11111.
’11 1111111111 1111111111 111 111111 1111111111111111, 11 111111111 11111-
1111111111111111 1111111111 1111111, 11111 111111 111111111111 1111111111
1111111111. ’1111111 1111 11 111111 1111111, 111111111111111, 1 1111111
111 111111 11111 1111111111111, 11111111111111111111 1111· 111111. 111
1111 11111111 11111111 1111Η11111 11111111 (1111111111).
111111111111111111111111111811111111111, 111Β111111-
11, 1111111 1 1111111111 11111111 1111111111 111111. ’

non νιήιιιι 1111,

ntum 1111111111 1111111111 111111 11111111, 111 1111111111 11111 111111 zu·
1111111 1111111111 111111. 1111 11111111 111· 111111111111111, mon 1 11111-
11111 mco 11111

Κ1111 1111 Κ111111111 111111 1111111111 11111111 111111111-
1111111111 11111111111, 1111111111 1111111 1111111, 1111111 11111111111 111
111 11111 11111 Ρ11111111, 1111111111 11111 111111111111 1111111111
od 111111 11111111 1111111111, 1111111111111111111111111111111111111111
11111111111 1111111 11111111111, 1111111 1111111111111 111 111111 11111-
1111111111111111111 jamma, 1 1111111 1111111, 1111111111 111111111111
1111111 11111 11111111 111 111111. 111111 11111111 1111111 111 1111111111
1111111111 11111 111111, 111111, 1111111111 1111111111111111111; 11111
111111 1111111 1111111111111 1111111111 1 1111111111 1111111111 11111111
11 1111 1111111111 11111111 11111 111Κ111111111111 1111111 11111111
11111111, 1111111, 1111111111111111111111 11111 1111111111, 1111111111
11111111 111111 1 11111111 11111 1111 1111111111 11111111 1111 1111111111
1111111. 11111· 11111 1111111 1111111111, 1111111, 1111111 1111 11111-
111111111111111111111111111111Ρ11111111111,1111111110111111,
1 111111111111111, 1111111 1111111 1111111 1111111111111 111111. 111111-
111111 1111 11111111 111111 do 11111 11111111111, 1111111111 mu: ,11
,Κ1111111111111Ρ11111 11111111 111111 11111 1111111, 1111111111·
„rom 1111111 1111111, 1111111111111 je 11111, 1111111111111111 111111 111-

‘ ,11111111111111111111111111. 11111111, 11111111 111 11111111· 111111

,1 111111111111111111· 11111 11111 1111111 111111111111111 11111111111-

 

