6 1319. 6666666666 66666666. 81

kilku 661661 1 6166166661, 61616661 6611116166 1666616 61666666 Κ666666
1661616616 (1161666116 go, 166661666661 6661616 6166, 1 6166166166 Κ66-
666661 616661 Η666116 (116166611616, 11666666 6666616 611 6116
016666 (0166666) 1 1616616 66 6166 1616 6161611666. Ζ 66161 666 661661-
66166661666161616 do 66616, 16 6661 6616616161 11666666 1616116616 016-
161611616 16666166116 66616 616666616661616166 1166616161, 16666616
- Κ666666 6 kilku 1616666661 6116666, 1666161661 go prawie do 61661, tal<
11 1661661661 Κ66666 1666616 111116 6616116616 1 666166616161166666666
6166166616. Ale 66 66661666 sie 6666 61666 1666616666616166166, 6166666116
6161666616116 66166, 1 Κ66666 11616116 66 0166616, 66 666166666161
61661 61661, 16616666661 611 Β6166166661 1661616616 Brzegskiemu
1611616116666666611166116166, Β6661666, Κ166666611Κ6666-
6661), Β166166 (Ρ166666), Κ666661661, 166 666666 6 6166 661666 ’
6616116. 01666666(11616616)11666161(1166666),66661616666166666
Lignickiogo 66161611, 1 66 6616116161 61661616 Η666111611 61661666616
611166666666, Β61661661661616Β6661611 i 1611616161, 1166166 616666
6666611666666161616616016661611666, 66616111 mu i 6666661. 116611-
hiem 1116 6666 6166166661 161616 86166161 61666166666661666666 666166-
116611666661. Α 1661666 616661 6161666666 1666666, 166661 6611· 666666666
6116666 6661616611 66 61666666, 166616661661 16661166, 6166611616 66666616
1 161666 166666666666 661616 66666 6166116 16666 66 6 6666116 1 116666 66-
61611666 6666666661, 61611, 6166166616 Ν1666666 (1116661666) 66666666]
6666666661 1661616616 1616616116666, 6 Η616666 1 616161666
(Aureus mons) 616666666666 116661666166, 6166616161616 666166, 6 61616
6161616666 16616166 66616611. ”

111661 611111 6161666 muza 6166161616 66 11616616 611 1661616661 61611.

(1166, 16661 16666 66616661616666616 1666166666 Ρ616116666 666666
66166661, 166661616166 616 1666666 66 6616166661 1661616666 611 6166661
6666616166 666661 6661666161, 66161161 166611661616616616666666661, 1616166616
1661666661) 6666166 661661, 6 661661 66661616 6 11666 66611611 116611. 1116-
116661 61616 616161666 66666166161 66616611 16166611. 1661 166161666666166
16166166 1616611666 666666661 616 6611 6661616 16616, 166611 1 66166611.

 

