302. 1611111116 11. ,, 1. 1311).

061166666116, Ρ16611111, 16161616116, Β1161116, helwia„
(16616611116, 016611161066666), Κ166116661, 816116616116,
86161, 16116161116, 1116111 11161616 6161111Κ611611, 11611,
116, Nakle, Wielinie 1116161), 1111161166661, Κ61661161,
11616111,Β111666661,111116666116, 11116111, Η611661, 11-
616116, 01666116, 861116116, Ρ161666116,116111111666111-
1616, 1161116161. 116116 16161611 1 1116111116 Β616, 61161611616, 1116161-
16116111661111Κ1616161111, 8116161618. 1616616, 16611161
16811616111,161161161186116111616111111111611,161616111816-
11161, 861116116, 1616616661, Κ6116116, Ν16116161111661, =
86161, 01666116, Κ61661116, 8. 8161161616 16816166; 1166616-
11 1 1161116116, 11166161, 11611111 11161616 Κ61661116, 1111-
16161, 1 1161611611 116611, 16161111611, 1666161111 1611161611 6616111.
161 66116 16161611 1 116661611 6116116116 1111161611 161161611 1 116116, 116-
11611, 161111, 6161616, 6161161 1161161 1611611. 11111611 tu 16616116 111- ’
116661, 1666161161611611611111661116 Ρ6161111 11161666, 1611616 6 16· w
11161 11661 16611111 116 1611111, 1 1111111111 161161 111111 116 16616111,
1161611116 11611111111, albo 11616 66616 1116161616 116 1611116161. Do
6161161166611111111611666116 111161 6611111, 116111, 1611161111 1 1611111, ,
, 11116 661616161616116 66166116, 11666666116, 1111 1116161 116111 1166616161
61116161 161161611, 1161111611 661611 1611661, 116 66661166616161616 166
61111. 16111 11611611 16161 1111161611 6 1611111116116 16161666116 611616
1111166116, 16161111166161 1161616161 1616111111 1 16116111, 611111-
16161161161616166111 16111611, 66111, 1116616 1 11611,,161, 11 6661111661
161611 11111611, 1161116111 11666111111, 6661611116111161611, 6616111
1 1611611611. 1161611161 161 161616 116 6611111, 1616161111, 11661 1 11161111
1116161111, 16 1 11116661· 661161 1111 Κ661111616 16616111, albo 61111
1111616111161161611 1611161111. 111116 661, 161 611 11161 161116111161161-
1111111116 61616616] 16611611, 1161611161 16611616, 6 111111111616161, 16
1111 61161111, 1611611111111 1 161111616161111111, albo 161111 1 6161161611
161166161611, 6161161111 116116111611 1 1661616611, 1 11611161 6161161 6661
1 16666; 6 161116111661661111, 6161611161661 1 6111611111, 111166666111
1616161616 6161 16116611 16161166, 1 1611666116616116161666111, 111611
116116, 6666116161 11 111 1161111116161. oto 61116116 161 1611611161·
616161, 616111 1161661, 16161161 1 161161 1616161111 1161611161, 1161 611161
1616161661 6661111616 116611666111611; 1116616 661 1 66611161 1161661 611161
66166111 1 116616116 116 166161611 1611611166116 1 1161611 6666111 166-
66611 11116116 166611161, 111161 1611161611166161161 66166111, 1161161
od 611611 161111 1161616111 16166111 1611 1161111, 161 1616 16161611 611
6116111, 6 61 1616161 1 161 11611611166116 16 1616116166161161161111161611

 

