362 666666. ’6. 1381.

166611666, 661616616 66 66116666 1666616 1 6161116616, 661161 661
1 161 16161616 1 6666666 16616661 1666666116166166116, (16166161616166166-
16616 1666616666, 6666666 6 666666616οηί6 6611116616616616 661611166161.
1166166661 jednek innej 6166616161,16116; ,16 1111666166 eejm 66166
,(116166 generalem), i ne 616 666611616 661666616οηὶ66 16161616.“

Δ16 1116666616 11616616 1161666116 66166666 66 6161166 1661666 6 1666661

1161666 116166 Κ66166611, 66661616166666 66 6161166 161 166666-
1616, 1616 66161666 61661666161666 66161666116616, 1 616161616Κ66166-
6116 61661166 S. Temeeze 66666 61666 6666616666, 6616161666616166
66166666 666161. Ten 6 6166166616 Β616661616 6666666616 616666166 ze·
66166666661, 1161 Β6166616 jeke i 6166166616 1116 666661 1 616-
166661 6166661. Κ6161616,66(1666Ι1616666(1616, 166616 Wegleezynie
66166666] 66666616] 66666666 66616611. Κ66166611666 1616161661 1161161
61616 1661661661 16661661666616666, emet i delmetyki 61111666 61666116,
dle 66666616116616 domu Βο166ο, 66616611. Κ6611616 Krekewekiej kemie·
nice 666666 6 661666 666161 666666· 6666 61666666 darem 6116661, 6616616-
666666 ,166616661616616661666616 61166666666 Κ661666116 161616666-
6166 66 66666666 66 jego 16666 6616166166. 011666 S. Jene 6616 666166
Latinam 66666161661666616166166166 6 661 Ρ161666666616. Κ6611616
661 Κ66166616 6666616616666 16 661666 666666 1161666 6 1116161616
6666616 66616 616616 1661666 6 Κ6666661666111661666Κ161666116-
66, 6616616166 herbu 11616, 61616666 16666661666, 66 66666 Ε11116-
16 61666666· 16116666· 1661661166, 6111666· 16616 1661666 66666661
66661166616666, 16666666· 1616116161161661666116661 Polekie-
66. 116116 166 661616616666 666161 6 616161 Wielkiejneey 6666 J 666 6666-
1161666 (161616161611666 66666666 661 1661666, 6 661666616 Urbena
VI, 66666 8166661611666 666611616666166616 6611616666616166666.

666 6616666666.

11111616 6166666 16116661166166616 666166, 61111 161611 66666666 1616166
616616 6611116 116616, 61616 16616661161666, 1611661666 6 1666661166616
1666, 1 1611616666 6 166116661666161616661166, 66666616 enimenim-i
6666166661 16116166, 6116166661 1616 6666 6616666616 66661611616666116.

1111161616, 61666 66 Kerolu 6166161 16116 Wegierskim, 61616
11161661666166116116, e 6166166 Κ661616666, 161116 Ρ6161161,

 

