490 6666666666 66666666. 661391.

’ 661616166160661611666,66161161166166661Β6166166166, 666661
66161 w 66116161661616166, 61616 866116 6 1161661666, 66666116
Κ66166611666ι 61166166 1616616666 posagu, 11166 661661 6666666
661611 61616, 66 666661616166666616616616116, 66611 66666666, 666166 161-
1666116 6161616, 6616116161616616 Β666611661.

non rui-m lm.

16116661616166 6161116 616 6 61616666 1166116 6166666616616616616161
v 611616 6 mot 61661 1616616116 616 616 661 16661666666661616166166,
6116 616666 6666111666 616166 nutu.

1116166166 1611 161611, 1161616 (16166666 6666666666166 61661
161666161161 w 666166 61616666611661661661Κ66616116Ρ6661161 66666
1161661666 161616616 0661611666166666116166, 16 6666616666 66-
66616 6 61616666 1 6616666 616116616161666666616, 6666616611616 661161
0 wojnie, i ku 1666 6661666661 6666661116 6116 616161 666616 6616161. 1666
616 616616666666 1666 616 666666161616 (6661666 166166 66666166] 6666
16 66666 6 Κ666161661, 666666· 116 666616166616 1 66166616 6161661 266·
161, 611611 116 6666666666 616 66 6166166666 6666666616 61661 11616661-
6116 j) 1616 ’616 6166616 616, 16 1611 ijego rada 6666661666 166· 61661
6166161616 6666666116 6166666161, 6616661666 w 166· 6666616 666616 61616666
16616666, 666666 61661161 w Ι6ο666616616. Na 166 61661 6616616 616 “
16116661616166, 616616 666666 1611611161661666, 6 61666, 616166
61666666 666666166166 1666661 1 16161661 6616611611166 616 661161616
w 6161 6666166666] 66616,1616666666166661 616 66666, 111666Ι 1666111616
6611666. (116 6166 1611666 w 61666166 6666616 1 6 1166616 gronam 66616116
1 66616 6666161616 166666616616, 6666616666 66666 dni 11116 6 Κ66-
661166 v. Jungingen 61611666 1 1661166661 Ρ6661161 666616 1 6616
66616, 6161666666; 616166 166166 1 1661666616 666661116161661616666611,
666 66 6166666161 666616, 11166 1616166 1611666 6666 6 6661666661 66166

, Ρ6161161 6661616666, 616666611,16166666’66 6661616 166116 66661

1661166611 616 6616616, w 66616666, 616 616616 1616661616 66666 616116
666661666661666116166· 6616666666, 66161616 jak 616616 Ρ6661616 1 inne
6661616 161166166161611666, 666666 6666166616616 66116 66666166666611.
8166616666 66116 1616661 6666661661 6161666 11661616, 16 61616 616166-
161611616661666 po 66166 6616666161 6166611, 161616 666 6161616616 J 616-1-
66, 661166116161166116 6166166 6616161666, 161616; ,16 6666661616 6616616
,66666 66166666 16 66666 66166, 11166 16 grozi 161666166661616 1 16666

 

