218 1111111111 1. 111349. .

111111 1111111111 (11111111111111, 111111111111111 Boia, (11111111
1111111111111, 1111111111111111Ρ11111118111111111 1111111111
1111111111 111111111111111111 do Awinionu‚ 1111111111111111111111

1111111111 1 1 1111111111 1111111116 11111. Po uzyskanej nad 11111-
111111111111111 1111111111 1111111111111111 Β11111111 do Polski,
1111111111 11 1111111111111111 11111 Κ1111111111, od 1111111111111
1 ludu 1 1111111111111111111, 11111 111111111111111111111111Κ11111-
111111.

11111111111111111111111111111 1111111, 1111 1111111 11 1111111111-1111-
111, 1111111 111111, 1111111111 1111111 11111 11111111 1111111 1111111111.

, 1111111 1111 1111111111 1111111111111 11111111 1111111 11 1111111111,
1111111111 1111111 11111111, albo 1111111 1111111111, 11111 11111 1111111
1111111, 1111 11 1111111 1 1111111111 111111. 1111111111 go 1111111111... .

’1111111111 1 11111161,’ 111 11111111 11 (11111111 11111 111111 11-
1111 11111111 1111111 11111 1111111111, 111111 (1111111 11111111.
8111111111111111111111111111.1111111111111111111111111111·
1111 (1111111111 1 11111111 111111 1111111111, 11111 11111111 111 11111111
’ 11111111 111111111; 11111111 1111111, 1111111 1 Κ1111, 1 1111111111
11111111 11111111 1111111111. Ale gdy 1111111111 (1111111 1111111 11

111111, Κ1111 1111111 1111111111 11111, 1111111111 1111111 1111111111,
¹ 11111111111111111111.

11111 (111111111111111111, 1111111111, 11111Β1111111111111111 Swid-
niokieg0‚ 111111111111111 1911111111 Κ111111111, 111111111-
111111111111110111111111, 11111111, 1 1011111 1 1111111111 11111
1111111111 1111111111 1111111.

nou mm 1111.

1111111111 1111111111, 11 1111111111 111111111111111111111111111111111111111,
11111111] 1 1111111111, 11111111 111 11111111 11111111, 1111111 111111
1111, 1111111111 11111 11111111 1 11 1111111111 1111111111, 11111 11111-
viuum 1111111 111111νὶ11111 11111111 ·11111111 111111111111111111111
1111111 11111111111111111111 1111111111,·1111111“1 11 1111111 111111.

Κ111111111 1111 Ρ11111, 1111111111 1111111111111111111111111,
111 1111111111 1 111111, 1111111 11111111 1 colu 1111111111 111111 111161

 

