58 1111111111 11111111. 1. 1311.

111 1111111 nim 111111111111, 1111111111 111111, 111111111111, 1111111 11
1111111111111 1 111 111111. 'sego 111111111111 11111 11111 nich 11111111
111111 11111111 11111111, 1111111111 111111 1111111 1111111 1111111111
111111111, 11111111 1 1111111 1111111111 Κ11111111 1111111111 Ρ111, 111-
111111 11111111 11111111 1 11111111111111111111111 1111111111 Β1111-
berg, 1111111111 Βο11 111111 1111111 1 1111111111 1111111, sam 111111111-
11. 8111111111 11 1111111 11 1111111 111111111 11111 1111111111 1 nogami
11111111, 1 111111 11111111 111111111111111 1111111111 1111111111111, 111111-
oili 111111111, 11111111 11111 11111111. 1111111111 11111111111 1111111111
11111111111111 1111111111 111111 1 1111111111, 1111111111 1 11111111 111111
111111111111, 1 11111111 1111111111111 1111111111 11111111111111 11
11111. Α 111 11111111 11111 11111111 11111111 11 1111111111 1111111111
1111111 1111111111, 111 11111111 1 1111111 111111 1111111111111111, 111111
1111111111111 111111, 11111111111111111 1 111111111, 11111 1111111111-
11111111111111111111 1111111111111111111111111, 11111111 ,11111 111111111,
,1111111111 Bag 1111111111“ Κ1111111 111111 1111111111 111111 1111111
1 11111111, 1 111111 1111111111111 111 8111111111 (11111 1111111111, 111-
11111, 1111111111111111111111, 111111111111 8111111111 111111111111,
1111111 nim ,111 nogi 111111 1111111 11111111, 11111111 1111111111 1111,
1 1111111111111 1111111111 go 1111111111 11111111, 111 11111111111111111111
1 1111 1111111111; ,011 Boga, 1111111 1111111 1 1 11111111 11111111, 1 11-
,11111 111111 11111 1111111111 11 1111111, 1 11 111111 11111 111111 111111,
,1 111 11111 11111111, 111 1111 111111 1111111111 111 1111111. J 11 111 Bag 1111
,11111 nogami 111111 1 1111111111 111111. Bogowie moi 1111111111 11, 1111
,1111111111 1111111 111111111111111, 11111 111111111111 111 1111111111
,1 1111111 11111111. 111111 1111111 im, 11111 11111111, 111111 poldon 11-
,11111.“ 11111111 111111111111 1 11111111111111 111111111111111111111111-
11111, 111 1111111111111111111 1111111111 1111111111111 1111111111 111111
11 11111; 111111111111111, 11111111 11111111, 11111 111111 1 111111 11-
1111111111 81111111111111111 111111111, 11111111 111111111, 11111 11
11111111 11111 111111111111111111 111111. 11111 111 11111111 111111· 11111-
1111Β1111 111111· 11111111 11111 11111111. 1111111111 1111111 1111111, 111111
111111111111 1111111111, 111111111, 1111111 Pruski Η11111 v. 11111,
11111111111111 1111111111 11111 111111, 1 1111111 11111111 111 111111 1111
1 1111111111111111111111111, 111111111111 111111 1111111111 11111 11·
111, 11 1111 samem 1111111111, 11111 11111111111111 111111111111111, 11-
111 1111111 1111111. 11111111 1111111 11111 1111 1111111 11111111 1111111· ·
1111, 1 111111 11111111111111 1111111111 1 11111. 11111111 1111111111]
1111111 11111111 1111111, 1111 1111111111 111111111111111111111ε 1111111 ’

11111111 11 1111111111, drugich 1 111111 111111. 1111 1111111111 111111

 

