11339. 1111111111 w. 175

,1111111111111 11111 1111111111] 11111111111111111, 1111111111 11111111
,11111 1111111111 11111111, 11 1111111111111111111, 1111111111111 1111111111·-
,1111 Dan 11 1111111111, 1111 1111111111 11111, 11111111 111111 1111111111
,1111 1111111111. - Ζ 11111 111111 1111111111 11111111111111111, 11111-
,1111111111111 11111, 11111 jego 1111111111, 11111111111111111111111
,11111111 1 11111 1111111111 111111, 111111111111111 ich 1111111111 1111-
,1111111111 11111111 1111111111, 11111 01111111111111, 1111111 1111-
,111111111111111111111111111111,11111111111,1111111-
,111111 1111111111111111 (1111111111111), (11111111111,
,Β11111111111 (8111111111111111), Ρ1111111111, 11111111-
,11111111111111111111111111111111111111111111111111-
,11111101111111111,1111111111,Β111111111,111111111111-
,1111111111111111111Ρ11111111111(1111111111111);1111-
„mi 111 1111111111 8111111111, (1111111111, 11111111111
,1 Κ111111111111; 1 111111 11111111 11111111· 1111111111111,
,81111111111 111111111111, 11111111111, 11111111 (11
11111), 111111111, 1 1111111111 1111 11 1111111111 11111 11111111
,1, 111111111; 11111 1111 111, 11111111111111111111111111111111, 1 11111111
,11111 1 111111 111111111 11111111. Α 111 1 111111111111 1111111111
,11111111 1 111111 111111 1111111111 11111111111111111 11111111111,
,1111111 11111, 11111111οηὶ1 ,1111 11111111 11111 Polskiego, jako 11111-
,111111 111111111, 11111 11 11111 11111111111111111111111 nam 1111111-
,11111111 111111 1 111111111111111 111111111111111111 1 111111111111111-
,1111111111111 11111111111111111Ρ11111111 po 1111111 1111 1111111111111
,111111111111111, 1111111111 11111111111111111111111111111, 11111-
,11111, 11111111 1111111 11111111111111111111, 1111 11111111 1 1111111111, albo
„innej 111111 11111 11111111 1111111 1111111111, 1111111 111 1111111111 11 111111
,11111111 111111111111111111111111 11111. Α 1111111111 111111111111111111
,111111 1111111111 1111111111 11111111 1111, 111111 1111111 111111111-
,1111, 11111111 011111111111, 11111111111 1111111111 11111111111111,
,11111 111111111111 11111 1111111111 1111111 1111111 1111111111111,111111-
,111111111111111111 1111 1111111 1111111111, 111111111111111111111-
,11111 1111111111 11111111. Κ1111111111111111111 111 1111111111 1111111111-
,11111 11111111 11111111111 1111111111 1 1111 1111111111, 11 1111111111
,111 1111111111] 11 1111111 1111111111 1111111 1 jego 1111111, 1111111111-
,1111111 11111, 111 1111111 111111111111 1111111111 1111111111111 11-
,1111 1 11111111 1111111111 1 1111111111111, 111111 11111· 111111 11111111111
,8111111 111111111111, 1111111 11111111 1111111 111111111111 1111111111111
,111111 111 1111111111 1111111111, 11 1 111111111Ι 1111111 11111111 ijego
,11111 11111 1111 11111, 1111111111 11 111 1111111111, 1 11111 1 111111111111

 

