148 6666666666 66616666. 61332. ,

616661. 61166616 6166626666161, 2661666 6666266616 116616, 66116161666616
11166, 6661666611661661666 1 66166661 216616 (1161616616, 1662661116
6 166 16666 6616 1 616661 6666111. 1161616 66166166 1616 11661661 616162
166-66, 66666666211666616 6 6616, 1 6626666666 6616666 6661666611616-

- 6266 11166. 1116661616 2666111 6616 616116626 2 16616666 1 2661616661 66-

66626, 16161 616666 161 do 6621666 1661 61626661661166, 6616 66661616
6166161166 6116 616666 2661661166 66162616 6621666, 16616616661116616
666616 66666616. 1116 6166 6 (161666 6161166 616 2666262666 661661, 6661661
6661611 61 61616261 261666 66616616 2666616 666166 1611616166 ,16 616166
,666 616626661 666661661 6161616 66661661 do zgody, 116 66 6 666616
,616616666661.“ ’161166 66266266666166 1661 6616621666 666266 611611666-
66166666, 6266116626 66 6616626616 broni, 61 do 6662666661 S. · Γ166666
6616 6626621666 16666 666666, 666261 266166 66661166 do Wielkiej Pol-
611, 616666 6661 6666616 16161666 1616116, 116626 66616661666626 616
6661666 66661611 do J 666 6166611666 16616, 1Ρ6161661661661126166·
616611661166111666666661; 616161166166 166266166 6662626 2 666216 1616
16661661, 61616 6666666 161 6666266 616 26166616 616 (1666666. 1616166626
26166 1 6666116626 66666216 6166616616116166616 1 6666661 62662666611616161,
6 6161662166 1611 6661661661 666166 1 66611616 6162626666, 2666611 616 66-
61666616 pod 26661 1 6166166216 Κ616166, 6121661666 66262 261666 16616
(126611666, 1616166166 666666 666611661661602661, 81626661Ν166-
66, 116626166661161661 6 66616, 1666661 1 6166161661 6662616166-
666, 2661661 6 16166666666 6661616616, 6666166611 616 21666 61161666,
16616616 Κ62161662 2661661666 161 61666661 6611 66126216661161161-
616626, 666, 1626166166 i 6621666616 6666, 6611661616 6616666. 11166666 6616
6662666 66 62616, 66266116 666616 2616116 6662616 6166611666616, 1 6616 616
66661616 666166661 6216666666, 6611 616 (1661616 616 66 6666; 21661 661616
1 2 6666616 6616661 6166666626 66 61661 2661666, 16166616 2666166166,
166661262166662611666166666666616. Po 61616616 16166126, 616 661616
616 (11666 1 616616 6166661616 166166 6166666, 6116661 do 66666616 pod 261662-
616666 16616 Ρ61611666, 1166666 66616616 1 166 6166166 66616161162666,
66616611 616 166 261611. Alo 161616 Κ62161662 6666666 616 261661, 116626
6626 6161666616 66616 6616611 16611, 6666 66616611, 16616666 2616661666 16166-
626 616 16261 16616 6626666666. Ζ 6666 26166 6621626, 66 611666 66166166,
6626611161 6661616. Po 161 6166161666 626616, 1616161162161666 616666
616666616661, 6616111666 66 6666661616, 6616666, 16 1661216 1166166 66-
166 6161116 6 661666 1666616. 0611666 266 62666 266611 6166166216 Κο-
16166, 66666666666166166166 Ρ61611666 666166 16616 6161661666
16666 6666 Κ661616626, 6662661616 6166616 666666661612616666666166.
11166661661661, 6661616666 16 66161616 166116 2166166626 66 polu 66-

 

