1. 1335. 1111111111 1. 157

11011 1111111111, 0111110111, 1111111111 011111, 111111 111011111111111-
111 1111111011 111111 11111110, 11111111 1111111111 1 111011111111 1111011
111111 111 90111111 1111111111111111, 1111111 111 101101011111111,
1 111111 1011111111 111 111111 10111111 1111111 1 1101111111. 811111111111
111 111111111 nim 1101010111, 11111 111011111 11111 11111111 10101111
11011111, 11011 111111 011, 1101111Ρο1111, 01111111 111 1111111011
1 11101011 11111110111111 111111 Ρο110111111, 111 11111 11111111 111-
110111111111 11011111111111, 11011 1 111111, 111 1111111111 1111110111
111-10111111 0111111111 111110 1111111111 1110111111101111. 1111111 1111-
1011 11111 111111111110 11110 111111 111110 11111111, 111 11111
11111111 11011111 11111 10, 00 01 1111101111 1Κ1111111111 1111111110-
1111111, 1 1111111111111 1111011 1011111111 1101111 Κ1111111 1110-
11111111, 111 11110 1111110111 10 111111 1010111111, 1111101 1111-
111111111 111111111 1111 10111111110111111111111, 1111111111 1111110111
Κ111111011. Κ1111111111111 Ρο1111, 1100111 11111 111111 11111111, 1110
111111 11101111 1011111010 111111101111 011011111, 111111 1010111111,
11111110, 011111 1111 111101 1111101111, 111111101011111111110, 1111-
1111110 11111110111111111, 111111011, 111111 1111111 110111 1111111111111,
sam 111 1111111111 1011111111 11111111, 1111101111 1111110111101111-
1111, 111111 0111111111 111111 Kuj 1111111 1 101111111111, 1 1111011-
111 1111101111 0111111111 11111, 11111111 11011 1111111 1011111111 111111 “
Pomorskiej. 1111111010 11111 1110, 1111111110111111111111101),
1111011111 11111111 10 011011 111111 Κ111111111, 101111 11111 w posia-

1111111111111Κ11111111,11110111 101011111 111111 111 011 11111111 .

111111 1 1101111 101111111 1111111. 1111111 1111 1111111110 11111111
1111101111, 1 0110101111 1111111111 11111Ρο1111110, 111111111111
111111, 11111111101111Η1111111011111111 (1111111111110, 1111111
10111111 1011111111018111111110, 1111111111111111111 11111111
1 111011, 111110 1111111 11111111111111 11111111111111 111110-
1101111 11101, 1111110 01101111111110110111 011111 1010111111 11 11111-
11111111

„W 11111 Ρ111111, Amen. Μ1 111101 1 J 11, 1 Βο111 11110111 11110111
,1111111111 1 (111111, 0111111111111111111111111111111, 111110111111-
,111111 1111111111 1 111111111010111, 10111 01111 11111111111111ι 11111
,01111011 111111Κ111111111 111111 Βο111 1111 1011111111111, aWie-
,11111 11110111, 11111110110111111, 1011110111 11111111111111 11101111111-
,11111111, 1110111110 10111, 1 1111111 111011, 1 110111 10111011 111

,1 111110 1111111, 1110111011 111111011111, (1111111111, 1011111111,
,Κ1111111,10101111110111111,1111111111111011111011111111-
,1111111 1111111 111111111111, 1111111111011 Polskim, 1101110

 

