330 000000. 0 1374.

,1 J 010100 00010011.1 Β101001 00110, 0000010 Ρο1000 1 0100000000, 000-
0000 0000011 0010110 1 000101 001001όο 0101000000100011 0010000100010110
0000000 00001100, 000001111 00 0000001 001000 0000010110 10010110,
100100100011 010 00100 0 01001 10110001101 po 000010100010000001 00101-
1001000 1011 001 101011 0010000 0000011000ιο 00 011010 001101 0010101
00001100 1010101000000, 00000001 010 0010001 00 0001 0001000010100
1 0000010 0000010000 0010000100101. Β101001 000 1001100100 Polskiego,

’ 0000 0 00001 1001101001, 0000100100 010 00100000 0000011000 Κο01010-

00010110 Polskiego, 010 0101011010011 11001 101010000001010100101-
10000000000; 110001000001001 0110010 1000101110, mimo 0001010000000 0000-
011000 10110 1010110, 10 001000οἰ0 00110οἰ1000 0010110 00000011; 01
11100010 1000010 101 000000 1 1000000000· 010 0001001011 00110 0000 1100010-
010 0 00101010 000110010ἱο 0000010100 10010001, 0 010110 10110 1 0 00000
10100 1000111οί.

100 1011001101ιο 1100001011 00100οε 00 010 00100010 00 0101100 1110100·
0 11000110.

«1101000100001000101000, 1001101100, 110100 Ρο0001011, 00 001
swojej biskupiej 111110010181111000) 00001 00 00011100. 101011 jogo
0000001οο00 10 10000010, 1010100101001000 drugiego 10001 001001000101000
0101010101000000000 00001 0110000011. P. Μο001 000100οῃ0. 1101 10 001
00011100· 1101010101 1 000001001011011010001 1010000000110001. 00 0011010001
00000010 1010101 1000001011 00000 0000001000 11001 001010001 000100, 0000-
10010010 010001 1 001010010 01001000101101010. 1100000100 000 00 0000001010
00101110100101, 00 000000 111101000 011000110, 000100000010101010
Ρ. Μο001 0 Κο010010 1 10000110 100001011000, 1011000 00000 10-
0001000000, 11100 001000101 00001 0000001θο 11010010 001000011101 00-
000101010010101010010010, 0000010010οο 10000000 0100000οἰ00 10 0101001,
100 0000001001001001000001. 110 010 01000 00100010 0010101110 010 0100100
1000000 0001000000 Ροο001011000 1000000οο00 111101000 0 110001-
10, 000000000 00001000000010 000000 0101010 00100000 0010100000. Ζ110-
00010100010000· 1011 glos 00 1111010000 0 11000110, 010000, 000101
10010 11110100, 00100101010010 101010 100110οθ0· 00100001 00001 do
1001001 0010000100000100111. (110 01011 J 00 0000110100 (101010101011
110 00110001 0011010010101001001 0010001000 0010100101 010 010101, 0101
0100000000011110100· 101000000001110001010 1010101000 01010
100001 0000001010 0010000 10101101011011100100011000 i Ρο10110-
go, 0 000000000 11 010 00010001 010 00001οἰ00Ι 0 0000010010 00 0010 00110,

 

