11389. 1111111111 11111111. 451

111111, po 1111 111111111 111111 1111111111 1111111, 111-1ο 1111111 1111-
1111 1111111 1111111, 1111111111111 111111 1111 1111 1111111111 1111111
· 1111111 8111111111 11111111 111111111111111, 111111111111111111,
1 1111111111 1111 1111111, 1111111111 111111111111, 1111111111111
1111111111, 11111 11111111 11111111 1111111, 1111111 11111111 1 1111111
1111 11111 1111111111 11111 1111111 1111111111. Β11 11111111 skir-
111111 111111 111111 1 11111111111 1111111 1 1111111, 11111, 1111111
1 11111111 do 1111111111 1111111; 111111 111111 111 1111 1111111111111,
111111 1111111111 11111111 11111111 111-1111111111 111111 1111111111111.
Wiolu, 11111111111111, 1 11111111 111 1 1111111111 1 111111 1 1111111111
1111111, 11111111 111111 11111111 11111111 111111 111111,11111111-
11111111, 1111 11111 1111111 11111111 111111111 1111111111, 111111111111
1111111111 (11111111111) 1111111111 11111111. 11111111 111111 Gro-
11111111, 1111 1111111111 111111, 111111111111111111111111111 1 1111-
11111, 1111111111 111 8111111111, 111-1ο 1 1111111111 11111111, 11111111-
111 11111111 111111 11 1111111111111, 111 1111111111 11111111111 11111
1111111111, 11111 1111 111111111111 111111, 11 11111111 1111111 111-
111111111 11111111 1111111111, 1111111111111 1111111, 11111111 1 1111-
111111111111111 111111, 1111111111 11111111 111 11111 1111111111111111111
1111111111 111111 11111 1111111 1 Β11111, 11111 111 1111 111111111
11111111111111, 11111111 11111111, 111111 1 111111 1111 11111111111111,
111111111111111111, 1111111111 111111 111111; 11111111 do J 111111
1111111111 11111111111111, 11111 111111 111111 1111 11111 1111111
111 1111111, 11111111 11 1111111 11111111111, 111111 111111 1111111111-
1111111 11111 11111111 1111111111, ,1111111 111 11111 11 1111111111, 111-
1111111111111111111111111111. 1111111111 111 1111111 1111111111111
1111111111 11111111 (111111 1111111 111111 1111111111, 1 1111111 1111
1111111 1111111111 1111111 11111111111111111111111111, 111111 111111·
111 111111 11111 1111111, 11111 1111111111 111 11111111 1111111111, 111111,
111 11111111,’11111111111111 11111, 11111 1111111 11111 11 potem 11-
11111111 111 1111) 1111111 111111111 11111111111 11111 1111111, 1111
11111 11111111111111, 1111111 11 11111111 11111111 11111111 1111111-
go i 11111111, 111 11 1111 1111111111111 1111111 Ρ11111111
1111111111 111111 1111111111111. 11111111 111111111, 11111 111 11111
1111111 1111 1111111111 1111111111 11111 11111111111111111111111
111111, 11111111 11111111111111 11111111 11111. Κ1111111 111 11111111
11111111111111111111111 111111111111 1 1111111111, 111111 1 11111111-
11111 11 11111, 111111111 1 1111111, 11111111 11111111 111111 111111
1111111111 1111111 1111111 11111111. Po 1111 11111111, 111111 1 21111
111111111 11 111 11111111111, 111111 111111 1111 1 11111111, 11111-

 

