1111111111 11111 11111111 111111 (1111111111 1111111111 11111111 1 11111111
-peu 111111111111111 (1111111111111111111111111 1111111111 111111 ί11111111111111
-11111 1111111111111 11111111 111 11111111 111111 1111111111111111111111
11111111 1111111111 1111111111] 1 f 1111111111 1111 1111 1111111111111111111111
1111111111 11111111 (1111111111 1111111 11111111 1111111111 1111111111
111111 1111 p0 11111111111111111 11111111111111 1111111911 111 11111111 1111111111
111111 11111 1111111111 111 ι11111111 11111111111111 ι111111111111111 13111111
111111111111113111 11111111111 111111111111111111 1111 1111111 ι111111
ι1111111111 111111 11111111 1 111111 1111111111 11113111 op 1111111111
1111111 1111111111 111111 131111 1111111111 1111111111111111111111111111111
-1118 11111111 11111111 1111111111 11111111111 111111111111111111111111
1111111111 1111 1 11111111 1111 111 11111111111111 1111111111 111111 11111111 111 ,

11111111 11111111 111111 111111 11111111111111111111111111111 1111111 ’

1111111111 1 1111111111 ι11111111 1111 ί1111111 1311111111 ’111111111111111
11111111 1 1111111111 1111111111 1111111111 11111111 1111113111 ι111111111111
11111 op 1111111 1111 11 111 έ11111 op 1111131111 1 11111111 111 1111111111 ‘mod
-11111 1 11111111111111 11111111111 1 11111111 1111111111 11111111111111111111
111111 1 111 1111) 11111111 op 1111111111 1111111 1 11111111 111111
ι1111111111) 11 1111) 1111 111111 111 11111111111111 „mummi 1111111111) 11
1111111111 1111111111 1 111111 ί1111111111 111111 ι111 11111111 111111 11111111
-1111111111111 ί1111111111 1111111111 1111111111 1111111 1111111111111111“
111 1111111111 11111111 1 13111 (1111111) 11 111 11111111 1111 1111111111
-1111111 111111 1111111111 11 1111 ι1111111111 ’1111111 111111111111111111 *111111
-111 111111111111 11111111111111111111111 111111 111111 11113 1111111111
11111 11111111111111 ι1111111111 1111111111 111111 111111 1111111 1111111111
111111 111111 ι111111 ,11111111 11111111 1111 1111111111

1111111111 11111111 11111 1
11111111 1 11111111 1111111 ’111111111111111111111 ,11111111 ’,1111111 111111 111
1111111 1211111111 1111111111111111111111 11111111 op 1111111111 1111111111
1111 1111111111 11111111 111111 1 1111111111 1111111111 111111 1 1111111111 1111 11111111

’1111111111 1111111111111111 111111 11111 111111 1111
11111 11 11111 ί1111111111 111111 1111111111 11111111 11111111111111111 11111
1111111111 11111 1111111111 1111111111111 1111111111 1111111111 11111111
1111 1111111111 1111111111 111111111111 11111 1111 ί111111 1111111111 1111111111
111 1111111111 1 111111 ι1111111111 11111 11111 1111) 1111111111 1111111
-11111 11111111 11111111 11111 1311111111 111111 11111111111111111111111111111
1111111111111111 111111 111111 11 1111111111 1111111111 11111111· 13111

’0191 ’11 'mmm 8111

 

