234 66666666 6. 61355.

,11166 6166161 1661616 Κ661161666 161616] 66661661 brat 6666 66616161, 111166
„po jego 16616661 66666666 16666161, 6161611666 616 1666116116616616616661,
,61666616 66 nas 6666116, 1616 16 116666666, 8661666616, 1111611111,
,0166116616 Ν66666161 1116661616,161666661166616116661Ρ666),
,6 ich obwodami i 6666661616161616161, 6611616161 6661611166 61666611, 116-
,16666 166666 616116 1 66666616 6616611616 66616161 666666 1611666 6666661, jak

„podobne 6616166 1666166 66 6616666166116116 66616666 66166661611666166-
,616161 666111. 1666616666 66116 6666616666 16666161 66666 nas 6166161
,61611666 J 666 Μ11ο1616 6666616, 66116166 mu 616 6666 6 6166616661 1 66661661
,666666611616616(1666611666,11666, 1166661 (1661661666,11166-
,16 6166616 1 666611 61 6666666666 Ρ666 6666666 6661611166 6666666 1666166
,1 661666111666 66661 nim 166161 66161661 61666161. Przyrzekamy 6666666
,1 (16166 6616, 1661611611 6116166161 1666161666, 6616616666 1661661 661616
,66666616 16116611, 11166 6666116 6661616111666, 1616116616, 11166 16666
,6661611166 6666661666166, 16116611666 Μ116161 Ρ616161666666666666
,11166666666611161166166616, 6666666616 1 6616666611, 1611 6116666616 badi

„przyszlych, 6666616 6666161116 6166666166161666, 66666661616166616166616, ’
,1611666 1616161666 1 161166616161616 61666161 6166616 6661616, 661166 mo-
,166161 666661 6161616 66616661, 1 61616 go 6 61616 66616 616 6661666661. Ρ666·
,66616666 66116, 11 166 616166 1 6666616616 6666666666 Κ6116 1 Ρ666166166]
,6611166 6661666666 6111616661, 616 16161666 66616661 66616 661
,616666 1166616661 6666616 116616 -666611661666666666, 161616]Ι 66661661
,1616166616 Κ661661616661, 6166616661 Κ6116 1 Ρ666 6 (161611 1661666611
,66666166 6661 Ρ616116 j 1616661661666, 666616 my 6166616 6661616666 go
„od 1666 11666, 66661666161666 66 66166666 1 6666616666 66666666 661
,6661616 Ρ1661 6611616666 1611661166611116161, 161166 66161666616661166-
,6661 1 66616161161616. Po jego 61611 16616661, 6166616116 66161 66161616 6161
,66661166 do 666 1 16 66666616 66616161 6661661616 6661661666 666661( Ρ16-
,611 6 661666 61661666 666166 6666161; 6666 61 6616661616 ι1666, 1611611
,6161161616 16166161166616161 66 666666 pod 16116616 616616611661 166-
,66161 jak 1666 6161616, 61116661] 6666666666 11611661 1 Ρ666 66666616 1661-
’ ,61616616 Ζ6616666666 66116, iz 16 116166, 11166 1616616116116161616661616166
’,161 1111611 61666 po Wanku, (16161616166 1 6661611616 6 6166616611 So-
’ ,6166666661161 1 (1661616116 161666, po jej 16616661 do nas 6 6616161
,66161616616 ’16 661, 1611661616 po 1666161 6166616 66611 111616, 66661616
,6 6661616616161161666 11116161, 6 661666 6611616 do (161616166Ρ1661161
,6666666166 [1611661666 66166166, 166161616111666 1111611 6666666116 616-
„mi 11661616] 16116 6616616, bam-to 66 661661161166661666611, 16 maja
,6661666166616 6616611. 116 1616166166 661 1666 66666111666, pismo niniej-
,666 6616666616 66666, 6661666111666 66616661. 1161616 616 1661666 6 Κ611-

 

