01311. 0011000000 00100000. 51

0100010 mu 10οι00 (01000110, 1 J 00 brabia 100001010110001110 000·-
011000 0000100 000011000010010 1011001. Henr 01 001 krol Ozeski 01-
1000 010000000101000000100110101001001 0010100001 (1000110, 1 010010-
jac 010 0101000010 0100οό1 1 01010010 00000 01000, 01010, 001 0001000 0000
01000000, 0001101010 01000110οο 001010 0000 01000 1101001001οἰ
0010000001101001010, 0001000010000 0101 010 10 10000101, 1 tam 0 00001
0000001001 0101101001 101 000100010 1 10001000010. 10 0100110100 (010010
Ρ10 01 000010 0001 1000 1010010 1 000001110 0011010 010 001 010100 J 000
hrabi Luxemburskiego. Sam 100110 100, 00 0100001000 1 00100000-
00 010110 000όο 00001101, 1010 0000110οο 101000 00000 110100 000011
01000 101010110οο 010101010 1100110( 00000000οο00 000101 1100000-
0000 0010110 1100011000, 1000 001 1000 11111010 00 1011000. 01 00000
100· 10000001, 010101 0010000 00010 00001101, 01010110 (10001110 010 ’
1Ρο101100 0110011 0100110000 101001 1001010, 01000101 10111100100101-
011000 10100010 0101010 mu 00000 0010001000, 001 0000010010, 001
101 010010 000101000οο 0001000100. 01 1000 10110 00000 01 1010000010
0000000, (1000100 00000 101 010010 010 100101010101010 00100000001001010-
10110000100011000 domu. Pod nimi, 0001000000 0011100100οω
IV, 000011000 0 010000001010100 1000100110οο 0010000 11010, 00000 110010
1010 1 001 00000οἱ10011 10110001, 0010 010 01100· 000010, 110010 01001 1101001,
0000001110 je 1 0100110.

1110101 00 (1001101 010010 101010, 100000 001 1111001000 11100 0010001001
00100100100010000. 110001 0010001000110101000100110110. surmont, 100100
’00 01οἰ0010010 0000100101( 00110100 1 00000100 nautor 0 ramniu.

11110000 (11111000010101111010111100011,00100000000000001-
1101 000101110010 1 0000001010000 0010100 001010, 0 000010 0101110οο 00010
01100001 10 010101 10001101, 1010110100 00011 00100001 0000100001. 100-
1000000 0101001 10101 0 0100010, 0100101000 01010000 1 1101100101, 00100001010
10010 00011011, 01010 001000000 0 Ρ1001001 0000010011101000010 000-
im 0110101 01010 110101000010010, jak 01010 10 0 101 10011101 0000011010
mu 010 00010110. 1010000000( 1000100 101Ιο010011 0010010 0110101000,
0 010010 1010101όο 1000110, 10010101001 00 01100 10001, 00011000 0 00001000-
000] 0010001010 11100, 00000110 0010110 000011011, 010000011000100( 1
10100010, 010 000000100000 1010000 01000, 0101101010; 1 110010 1010010 11-
100011000 1111100000, jak 1000100000, 000101000000 0000001001-
00000001000 1 0010011000 011000, 00010 0000100111110010. 10101110101

J. mum. 11:101· Pom ts. 11. , , 8

 

