KAzmmRz W.

66666 Panium 6666.

16 16166616161666166611666 11666616 16666166 616666 16 666116 1166666116
16166616, 66161116 6166166 1 66616666 11166, 6 1116161 vot 66 vot 61616616
16666.

Henryk 11666666 6616166 Ρ666161, 6161 161 161166 6166616666 66
66661616 66161666, 6616616661 16616, a w 6666661611 ’1666616 166611111666616
16 Κ6166616 6161161 16666166 616666 666161 66 jego miejsoo. Ten 616666 po·
666111 6666666616 66666 6661616111 6616616, 6616666661 61166616 6616161666 do
Litwy 1666161 Ρ66166 (Ρ6616166) 6661666, 66166661166611616666-
6166661. 611616 1666 6661616 6666166661 661616161666161611, 61616166116
6666661616616 6616616666616666616161616, 661666666166616 11666 do Prus

66661611. 1166161661 jego 6611616166 Olgerd 1661616 1611666161, 6166616

. Κ16 j 6161666, Patrykiem i innymi, 6661166666666666666166666661661616

6166661616616161616Ι do Litwy, i 6616666611 66 6166661166 66661661666616166, 6 61-
16661 616 1661666616 6616666; 6 661666666666 kraj 1661661661 66166661, 166-
666666666 61616661 6166666166 w 6166616, 661611 61616666 6166161666 (16161-
166. 1166611666 661666 1661616 8666166611, 6 66666166661611161616
1 11661666, 6166666161616 6666166 16611666 do Ρ666, 1 6666611166166-
1166 66166666, 666166] 1 66611616 6666166661. Komtur Labiowski 61666
w boju 6666166661 666666616, 6666661611 w 6616 66616 6616166, 666 6166166616
6161666, 1 61666616 nim 11166. Ρ61661666666666 616 61666 116616, 6 zwy-
6166166 6166666611 1166616666 11161616616 666116 6616666 8661616116
661161 166666666661, gdy w 66166666 61661611 616 16616166666116, 661 161166
661166 161661666666, 6666661611 w 66616, 61616 1616616661 1666666611661
66166666 6166666166161 6616616. Sam 1661616 8661666161 616661 w 66666,
6 6666 jego 6661616666666 16166166 11161666, 6161616116666166166 wroga.

’ 1616161 1661616616 poznano po 66616616 161661 11666166 1661166611 6166161

11161666 do Wielonskiego 6616166, gdzie je obyczajem ojczystym 66
616616 6661666. ’

116 61666666 6161666 1 166661 1661661, 6666666666 666616616 6666161666 66666
1611661616· 616166 6661666116 666666 1666616616 616661.Ι

11161166 666666 6666666 6666666666666 1661661616οέ6 w 661666 1661661616
Ρ616161666,616161166Ρ616166,6161116666,0666166116616,1666-
666, 11166666, 1666661116 6166661 166616 616666616161116 1 16616666161616 666166

 

