512 111111111 11111111. n. 1401.

111111111111111111111111111111 111111111111111 1111111111 111111

’ 111, 11111111 1111111111 krol 01111111 1111111 1111111 11 1111111111

1111111111, a 111111 111111 11111111 1111111111 1 trouu 1111111111-
111111, 1111111111 go do Medyolanu3 1111111 111111 1111111 111111111-
11 1 1111111111 111111 11 1111111111. Α 1111 11111 1 11111 miani} 111 za·
11111 11111111 1111111111, 11111 111 11111, 11 do 11111 11111111 Κ11
111, 11111111 1111111111 111111 1111111111 1111111111 1111111. 1111 1111 1111
11111111111111111 11111111Β11111, 11111111 11111 11111111111111111111,
111111111111111 1111111 11111 1111 11111111.

111111111111111111111 11111111 11111111, 1111111 111 1111111111111 11111,

1111111111111, 11111111111111111111, 1111111 111111 11 111111 11111

11111111ι 111111 1111111 1 111111111 111111111 11111111, 111111 1111111111

1111111 1111111111 111111111111 111 11111 1111111111, 1 11111111111111111

1 11111111, 11111 111111111111 11111 11111111111 1111111 1111111 1 111·

111111 Vm· ’1111111111 1111111111 1111 111111111111111111111111111-
1111111111, 111 11111111 1111111 11 1111111111.

Β11111111 1111111111 1 11111111, 111111111111 111111 11111 Zyg-
’ munta 11111 1111111, 111 1111 1111111111 1111111111 11111111 11111, 111·

’ 1111 1111111111 1Β11111, 11111111111111111211111111 1111 1111111111

Κ111111111111111 w 1111111 1111111111. 1111 111111111111111111 11 1111111
111111111111111111111111, 11111111 111 1111111, 1111111111 11111111 11111
11 1111111111 Gara, 1111 ..... 1111111111111 11111111 azyli
11111111, w 111111111111, 11 1111 1111111 1111111111 111 1111111 111
11111111 1111111 1111. Κ111 11111111 11111111 1111111111111111 1111111111
1111111111111111111111 1111111111ῃί1, a 1111111111 11 11, 11 11111111
1111111111111111111111, 1 Κ11111 11 Ρ111 111111111111111111
11111111111; 1111111 11 111 1111 11111111 1111 1111111 111111, 111111-
111 1111111 11111111111111111 11111111. 111111111111111111111111111
1111111111111111111 111111111111111 1 11111 0 1111111111211111111
1111111111111111111, 1111 111 11111111111111111ε ,11111 11111111 111
,1 1111111111 1111111, 111 11111111 11111111 111 1111111111,1 1111111111-
1111111111111111 1111111 111111111111111011111111111 w 11111111-
nach, 1Η11111111111111111111111111111111111 111111 11111111-
11, 11111111 przemyss 1111111111 1111111111, 11111111111111111111 1111111
111111 1 woli Zygmunta 1111111111 1111111111 111111, albo jak 11111-
111111, 111111111. 111 1111111111 1111 111111, 111111111111111111111
11111111111111111 111111 1111111111, 111 11111111 1111111 1 1111 11111111-

 

