468 1 1111111111 11111111. 11392.

1111111 1 11111111, 11111 do 11111111111, 11 11111 11 Κ11111111 1111
11 go 11111111, 1111111111 1111111 11111111 1111 11111111111111111111
1111. 111111 1111111111111111111111Κ1111111, 111111111111, 11 1111
11 11111 11111 11 1111 1111111111 111111, 1111111 go 11111111 1111111111,
1 11111111 1111111· 111111 11 11111111111111 Β111111111 XII. (1) 1111
111 do 1111111 111111111111111111111111111 Β11111111111111 111111-
1111111 111 1111111111, 11111, 11111 111111111 nich 1111111 1111111 11
111111, 11 1111111 1111111111 111111 1111111111, 1111111 1111111111
11111 11111 1111111. 11111111 11111111 11111111111 111111111111111
1111111111111, 111111111 11111 1111111111 1111111 111111111, 1111111111,
11 111111 11111111111111111 11111111111 111 11111111, 1 11111 11 111-
1111111, 111 11 111111 111111111111111111111, 111111111111111111111
11 11 1111111111 1111111111. 01111 1111111111 1111111111 1111111111
1111111111.

non mim lm.

Alexander, brat 11111 1111111111 11111 111111111ηοί11 gorliu 11111111
1111111111111,1111 111111 1 1111111 violae 1111111111.

(111 11111111 11111111· 1111111111 111111111 1111111 111 1111111111
11, 1111111111 111111 111111 11 1111111 1111111111, 111111 111111-
11111 11111 Polskiogo. Na 1111111111 tego 1111 111111 Alexander,
1111111 1111111111 11111, 11111111111111111111111, 11111 1111111111 11-
1111111 111111111 111111. 1111111111 go w 11111111 1111111111 111-
1111111111111111111111Κ1111111111Κ111111111, 1111111 1111
1111 1111111111 11111111. ’111 po 1111111 111111111 1111111111 Κ11-
1111111 111 111111 111111 111 11111111111111111 1111111111, 1111, 111111,
111111111111111 1 calogo 1111111111111 11111111, 111111111 1111111111
1111111111 1111111111 Ρ1111111, 11 111 1111111 111 1111 1111111111
11111111,111111111 1111111111 11111111111111111111111111. 1111 11111
1111111111111, 111 1111111111111111 111111111111111111 11111111 111111-
11111 1111111. Β111 1111111111 11 1111111111 11111111, (1111111111,
1111111-111111111) 1111 go zgladzi} 11111111, 1111111111 jego 11111111
1 11111111 1111111111 1111111111, 11111 111111 11111111 11111111
1111111 1 1111111111111111111111 11111111 1111111111. 11111 11 11 1111
11111 11111111111 111111111 0111111111, 1 11111 11111111111
11111 Ρ11111111, 1111111111111 1111111, 11111111Β11111111, 111-
1111111 1 11111 111111111111111111 1111111111 1 1111111. 1111111111

 

