476 1111111111 11111111. 111394.

1111111111111111 1111111 11 Ρ111111ό1 1111111111 1111111111 111111
1111111111 1111111. 1111111111 111 11111111 1111111, 1111111 1111111111
1111· 111111 11111111. 1111111111111111 11111111 1111111 1111111 Ρ111111,111111
· w 11111 1111111111, to 1 przodu 111 111111111111, 11111111111111111,
1111 11111111 11111111 11111111, 1111111111 11111111 11111111 za niobozpioozne
dla 111111 1 zgubne, 111111111111111111111 1 1111111111 11111. 11111
11111111 Polski 1111111111 111 1111111111 111111111 1111111 1111111
11111 11 11111 1111111111 1111111111, 1111 1111111 Κ1111111ό11 11111
111111 1111111111. Ζ1111111 111111 1111111111 1111111 11111 1111111111111 1111111
11111111, 111111111111111111 1111111111111111 1111111111111, 11111111· 111111
1 1111111 1111111, 11111111 111111111111 Polski (1111111111, 111111 (1111
1111111111] 111111 lub poprzedawa} 11 1111111111111 11111111111111111111
1111111. 111111111111111111 111 1111111111, 1111111 1111111111 11111111
1111111111 1 11111111, 111111 1111111111 11111111 po 11111 111111 111
1111111111, 11111111 11111 1111111 111111; 1111 11111111 1111111111111111,
111111 11111111 1111111 1111111; 1111111 ioh 11111 1111111, 1111 (1111111111
1 1111111. Ι Ρ111111 11111 111 malo 1111111111, 11 1111111111, 1111111 11-
11111111 1111111111 1111111111111111111 1111111111 1 1111111111 1 hi·
11111111.

1111111 111111111111111111111111111 1111111, 111 boz 11111111 moly
111111 v.

Κ111111111111111111111Ρ111111111111,1111111111 1111111
111 1111111111111· 11111111111111, 1111111111111111 11111111 Wor·
1111 Γ1111111111 11111111111111111 111111111111111111111111 11111111,
11111111111111111111 1 1111111 1 11111111 11111111 1111111111.

Τ11 11111111 111 11111111 pod· 1111111 Ν1111111, 1111111 go 1 111111
1 1111111. Ζ1111111 1111111 11111 (11111111ς 111 1111111111 1111111111
Jego 1111111111111 111111 1111111111 1 11111111. 1111111111111 [1111111111
1111111111 1111111111 (11111 1111111 11111 111 111111· sie w 111111 nio 11
111111) 11111 1111111 111111 obojej 1111 11111111 1 do Ρ111 1111111111.
1111111111 111111111111 1111111111 11111111 [111111 1. 1111111111,
111181111111111, 1 brat rodzony 11111111, 1111111 11111111 11111111
1 1111111 1111111111, 1111111111111 1 1111111111 1 111111111111111 hitet-
1111111. 111111111111111611111111)111111111111111111111111
111111, 111111 1111111 mmmmm, 111111111111111111111111111111, 1 1111
11111 do Prus 11111111. 11111111111111111111 1 1111111 1111 11111111

1111111111 do Prus, 1111 11111111 Ι 1111111111 ogniem i 11111111 1111· ¹

 

