111355. 1111111111 1. 233

11111111111111 1111111111, 111111 1111111111 11111111111111 11111111, 1111
1111111111111111111 11111111, 1 jak 1111111111 1111111111 1111111111
111111 11111111111111 Κ111111111 1111111111 Μ11111111111 1111111111
111111 1111111111. Ρ11 1111 111111 1 1111111111 11111111111111 Ρ11111
Ι 111111 1111111111 1111111 mummi i 1111111 1111111111, 1111111111 1111111
111111111111 1111111111 11111 111111 111111111111 111111111111111111111111
1111111111. 11111111 1111111 111111111111111111111 111111111 1111111111
111111 Κ111111111 1111111 1111111111 1 111111111111111, 1 11111 11 11111-
gali. Sam 1111 1111111 11111111111Ζ1111111, 1111111111· 1111111111111
1111, 1111111111 (11111, 11111111, 1111111 1111111111111 1111111111 11111111-
11111 11111111 Ρ1111111111 (1111111111111111111, 1111111111111111111-
11111 1 1111111111111111111111 1111111111 1111111111) 11111111 111 11 11-
11111111 1111111 11111111 1 1111111111 111 1111111 1111111. 11111111 1111111111
11111 Ewangelisty i 111111Κ11111 1111111111, 1111111 1111111111 111-
11111 11111121111111, 111111111111111111111111Ρ11111111111111-
11111 11111111111111 111111 11111 Μ111111111111; 111111 1 1111111111
1111111111111111, 1111 11111111 11 1111111 Ν111111111Ρ1111111111, 11111-
11111111, 11111111111111111111 1 11111 1111111111 1 1111111111 1111111,
1111111 1111111111 Ρ111111111, 11111111 hold 1111111111 1 1111111111, 1111
1 111111 111111 1 1111111111 11111 Μ111111111111, 11111111 111 1111
11111 111111 111111 1111111111 111111111111 1111111111 1111111111 11111111
1111· 11111, 11111111 1111111111 111111 11 1111111111 11111111 1111111111
1 1111111111, 11111 1111111111 1 11111111 1111, 11111111 111111 1111111111
1111111 111111 1111111111, 11111111 11111111 1111111111, 11111111111111111,
11111111, 1111111111 11111111 111111111 11111111 111111111111111111111
1111111111 111111 11111111 11111 111111 Κ111111111 1 1111111111Ρ1111111
111111 11111111 (jure 11 111111 feudali). 111111111111111111111111111
sie, 11111 1111111111 11111111 1 111111111111 1111 11111111111111-
11111111 111111111111 11111111111111 111111 1111111111 1111111 11111111, 1 11111111·
1111111111,11111111111111111, 1111111111111 1111111 1111111111 Ρ1111111 j
1111111111 111111, 111111 1111111111 111111 1111111111 11111111 Ρ11111111
1111111111111 1111111111. 1111 11111111 111111111111 nie 1111111 1111
11111111 11111, 111111111111 1111111 1111111111, 1111111111 1111111 111111-
1111 1111111111 11111111 111111111111111, 1111111111 1111111111 1 1111111-
111 1 111111111111111111 1111111 1111111111, 1111111111 1111111 osnowy:
,Μ1 21111111, 1Βο111 1111111111111111111111111, 1111 1 111111
,01111111, 11111111111 1111111111 11111111 11111111111111111111111ε
,11 od Najjwniejszogo Κ11111111 1111111111, 1Β1111 111111 11111111111111111
,Ρ111111111, 111111111111111111111111, 1111111111 111111, 1111111111,
J. mugen. nnn-J· Polam. Κι. IX. 3⁰

 

