11. 1386. 1111111111 1111111111. ’ 433

811111111111 1111111111. 11111111111111111111,1111111111-
111111· 1111111111111 1111111111 11111111111111111111, do 1111111111, albo
11 111111 111111111, do 111111111111111111 1. 1111111 111 11111111. Α 111
1111111 1111111111 11111 11111111, 111111111111111111111111111-
11111111, 11111 1111111 1111 1111111111 11 11111111, 1 1111111111 11111111
Κ1111111111 11111111 111 1111111111 1111111 1111111111 111111111 111-
111111 11111111 1111111, 11111111 Ρ11111, 1111111111, 11111-1111111
111 11111111111 11111 111111111111. 1111111111 11111111111 Β1111111
1111111111 (111111111111. Ρ111111111111111111111111111111111,
21111111 1 11111111, 11111 11111111 1111111111111111, 11111111111111

1 11111111, 11 111111111 Polskiego 1111111 1111111111111111111111111111, .

1111111 je i 11111111 1111111111111 111111 111111 111111111111111111111
1 11 11111111111111111111· 11111111 1111111111111111111111. 1111111111-
111 Ρ11111 1 1111111111 11111111 111111111111 1111111111111111511- ’
111111111111 11111 1 1111111, 111 111 111 11111111 1111111111111 1111-
111, 11111 1111111111 1111111111 11111111, 11111111 11 11 111 11111111, 1111
1111111111111111111 111 11111111111111 1111111111] 11111111, 111111111111
111111· 111111111. Ρ11111111, 11 1 1111111 1111111 1111111111111 111 “
1111111111 1 11111111, 1 1111111 11111111 1111111111111 11111 1111
111 11 11111 11111111. 1111111111 111111 111111, 1111111111 1111111111111
1111111111 1 111111111, 111111111111111111111111111111. 11111111 111
111111111111111111111, 1111111 11 11111111111111111 1111111111 1111111 ,
1111111 1111· 11111 11111 1111111111 1111111111. 1111111111, 1111111111

1111111111111111111111,1111111111111111111111111 1111111111 ’ ’

11111111111111111 111111111111111111, 111111111111111 111 111111 1111
11111111, 1111 11111 1111111111 1111111111111111111111. 01111111 111
1 1111 1111111111 i 1111111111 11111111, 111111 11111111111 1111111 1 111·
11111 111111. 111111 11111111 11111111, 1111111 1111111 111111111111111· 11-
111111111 11111111111111111 Ρ1111111, 111111 111111111111 11111111,
11111111 1111111111 1111111, 111111111111 111111111 111111 111111
1111111111, 11111111 1111 111111111111111, 11111111111111 111111111111
11111111, 1111111111 111111111111, 111111111 111 J 1111111, 1111111-
111111 111111 111111111111 1111111111, 11111 11111 1111111111111

11111111, 111-111111 1111111, 1111111111111111 11111111 111111 111111- -

111 111Ρ11111 1111111111111.

J. mnam. nume Pom Κι, X.

 

