VI

06111611 m. i 1661. 26. 31. 33. 34. 36. 39. 40-42.10116 (3111966166)06111611661’, 61 15.

54. 59. 63. 266. 361. 365. 0111616611. 531.
061161111616 32. 40. 0166611 1661. 458.
06161111. 300. 016666 61). 061116.
015166 m. 406. 01661166611 1611111 14. 17.
01661166 11. 489. 0161 1 81111161 6161661666 519.
0166116111 11611111 0111489. 0161 ob. Jan 01161
0661111111 16. Lit. 34. 37. 108. 109. 122. 12412810161116111 61 11161. 294. 338.

146. 162. 877. 011161196161. 123.
01611116 11616. 29. 49. 1011111611 611. 489. 496.
011116 1066616111) 111611. 111661. 5. 26. 40. 76.,01111116 66666161161111 0111161612.

81. 82. 88105. ’ 01111166 dom 611. herb. 259.
0611116 1166166161111111. 91. 01161661 w. 1 11. 016161. 8.
061116 ν. 811916 16611111 0666. 221. 01116 66111Η661.16. 111661. 102.
061116 1 0161661116 333. 01169611 110161. 63.
061616 1616161 11696611 335. ‚Grzoqorz ΧΙ. pap. 288. 296. 323. 326. 328. 330
06166 6161. 1116. Ρ611611. 297. “ 334. 335. 339. 345. 353. 355. 467.
0611111 schol. 0616111. 86. 101169611 ΧΙΙ. pap. 522. 530. 539. 540. 541. 555.
061116 11111116 384. 557.
0116611616. 428. 01169611 Ν6116661116.161. 139,
01696111 16. 13. 50. 51. 235. 01169611 16. 111. 342.
01696161 w. 521. . 16116961161111661. 557.
0169661166 w. 242. ι011161611 101616161 368. 395. 406. 401. 410.
0169661166 1161961116 13. 50. 51. 411. 414. .
01116116 m. 136. 011161611 11615611. 188. 323. 346. 393535.
0111116611 11. 521. 0111611Ιί61 dom 611. herb. 94. 299. 406. 437.
0616111166 1661. 121. 146. 282. 326. 327. 333. 01161616861161611111119 1133218.

334. 528. 01116111 w. 521.
061661666116 1161961116 282. 283. 311. 338. 348. 0111166 1616. 16911161). 215.
061666611666616611. 1116611611. 69. 0611116 6161866166. 179.
0616111661 1 11116616 429. 449. 453523.
0616161666111 61666116 364. Ξ.
06161616611111616161 187. 228. 299. 340.
0616166 m. 3. 26. 48. 89. 134. 178. 312. 318. 323. Haab bisk. 1116111616 1.

326. 350. 366. 388. 395. 412. 436. Η1116161111615611. 200. 259.
0696116166 9161116616 Ρ1116. 305. ' Η6166ν16 111. 87. 103. 162. 245. 279. 441.
06166611 16. 411. Η6116116 1166116393.
0616661666111 Μ1616111161.111661. 106. 117. 121. Η11161116 6161616116161116 335.

143. 153. 155. 156181. 185. 195210. 252. Η6116116. 11661. 185. 230. 302. 334. 458

“ 280. 201. Η16116 Β11616161116 336. 337.

06161619 ob. Z1050ryja. 111661 6161. 1111. 423.
’ 0611166611 w. 324. 521. Η661161 1 01111661 11611616 495. 436.
0616 m. 48. 50. 51. 295. Η1666 ν. weda! 308.
061166 61. 321. 368. 521. Η6666 ν. 1166616611116 306.
06611616 m. i 1661. 4. 234. 301. Η6161161116611111. 229.
0661166111 1166116 234. Ἠ611666611111 295.
0611116 6116111 Pruski 10. Η6111191ΕΙ11119116) 1616111 Κ1111. 6.
0611116 ν. Τ1111 166161. Ρ161. 331. 358. Η6619 3611166616111 611161. Ρ1116. 260. 271. 296
0611116 ν. Lindon 1116661350. 355. 357. 291. 296. 305.
0611116 1161161 burm. Τ611111. 523. Η6666111119 163.
06166116 127. - Η661111 616 Bol. 11. 86166, 16. 161161. 8.
061166661661106116661661)1661. 296. Η6611111Ι. 16. 111661. 1 Lign. 8. 86. 87.
0611161611 6116116616 Κ61161. 11. 298. Η661111 Vl. 616 Η661. 1. 16111661. 73. 94. 101.
01111611 zum. 486. Η661111 16. 1116116161 10169. 13. 25 414850,
0111166111 11. 474. 76. 195. ’

0111166166 1616. 346. Η661111 616 Η661.16. 016916 26166. 48. 50. 51-

 

