111364. 11111111 w. 281

go 1 111111 1 11111111 1111111111, 111 111111111111111 1111111111111.
Ν1111 1111111 11111 11111111, 11111111111111111111 1111111, 1111111111-

11111 11111 11111111111 111111111111111111111111, 1111111111. 111111 ,

111111 1 1111111 11111111)1 11111111 1111111111, 111111 11111111 1111 1111111,
111111 1111111 11111111 1111111111, 1 1111111111 1111111 11111 11111111
1111111; 1111 11111111 1111111111 11111 111111 Κ111111111111 111111-
1111, 111111 1111111111 111111111111111111 1111111111 1111111111, 1 111111
1 1111111 11111111. ’1111111111 1111111 Pruski Winrych 111111111 11111-

' 111111111111111 Piston (Ρ11111), 1 1111111111 go bezbronnym, Li-

11111 111111 11111111 1 11111111, 111111 111111111 111111. Ζ1111111 111
1111111 1 11111111 11111111 11111111 1 111111 111111111 1 1111111111
111111111111111111 1111111111, 1111 1111111111 1111111 1111111, 11111
1111111 11 1111111111 111111, 11111 11111111. 1111111 1 1111111111
1111111111111111111111;111111111111111111111111(1111111111)
11111111111111111, 111 gdy go do 11111111 111111111 1111111111, 11
11111111 111111 111111. 111 1111111111111111 1111111 111111111111,
11111 111111 11111111 Κ11 11111 111111111111111111111111111Ρ111, ’
1111 1111111 J urgembergu 1111111111,11111111111111111111111, 1 11111-
111 111111 111111 11 111111. 2111111 11111 111111 11111111, 11111 11
1111111 111111111111, 1111111 J urgemberski 111111111111 111111 11111111.

Α gdy 111111 111111111111111 1111111111111111111111, 11111111 111
1111111111111 111111 11111111, 1111111111 do 1111111 11111, 1111-
11111111111111 1111111, 111111 11111111 11111111, 1111111111 1 111111
1111111111 111111 11 11111111.

111111111111111111111111, a 11111111 1111111111 111111 1111111111, biom
1111111111 1 111111 11111111.

hubo 111111111111111111111 1 1111 011111, 11111111111111111111
111111111111111111111111, 111111111 11, 11 go do 11111111-
11111111, 1111111111111111 111111 11111111111111111 1111111111, 111111
111111 1111 11 1111111 11111111. 11111111 111 111111 111111 111111 11 1111111
1111111111 11111111111111 11111111, 11111111 ι111111 11111111 11111-
111111 111111, 11111 1111111111 111 1 jego 111111. Ρ11111111111111111
Β1111111 111111 Ρ11111 1111111111 111111111101111111,1111111
1111111111 1 1111111. 1111111 1111111111 Κ1111 111111 11 1111111, 11111
111111 1111111111111111111 V 11111111, 1111111 1111 1111111, Κ111-

11111111111Ρ11111111 1111111 1111111, 1 111111111111111 81111111 ·

111111111. ι
J. 11113111. 1111111 l’offl. ΙΙ. 11. ³⁶

 

