1

298 1111111111 1. 1. 1310.

111 111111111111111 chronia 111 1111111, 111111 111111111(1111111111111-
1111111111) 1 111111 111111. 11111111 111111, 11 1111111111111111111,11-
11111111 111111 11 Κ111111ε 1 11111111 1 81111111111, 111111
11111111, 111111111111111111111111111111111111, 11111 11111 1111111-
11111 11111111. 11111 1111 11111 1111 11111111 do (11111111, 1111

“ (11111111111111111111111, 11111111111111111111111,1111111 1111111
11111111, (111111111111111111111 1111111 1111 11111111111111111, 1 1111111
1111111 1111111111 1111111 1 111111111 1111111111, 11 111111111111 1111111
11111111. 111 ng 111111111 111111111111 1111111 1111111111 11111111 11111 “’
1111111111,111111111111111111,111111111111111111111111111111111 11 J
1111111111,1(11111111 1111111 11111111 1111111111 go do 111111111 01-
1111111 1 Κ1111111111. 111-11 11111 1111111111 111111 1111111-
111111111111 111111111, 111111 111 1111111 111111111111 111 11111111 111 2
1111111111 1111111 111111 111 11 11111111. 11111111111111111111111111 4
1111111111 11111 111 1111, 11111111 1111111111111111, 1 111111111111 111 1
111, 1111111111118111111111 11111 1 11111111111 1111111 11111 J
1111111111111, 11111111 (11111111 1111111, 1 111111111111 1111111111 J
Ρ11111111 11 1111 Boga 11111 1111111111111111 1111111111, 11111111 ζ
11111. 1111 111111 111111 11 Ρ11111 11111 11111111111111111 ,1111 J
1 81111111, 111111111111, 1111111111 1111111111111 11111111111111111.
Α 111111 11111111, 1111111111 111111111111111, 1111111111Κ11111111- s
ekiego 111111111011111, 111111 11111111111111 11111111 1111111111, in·
nego 111111111, mimo 1111111111111 111 11111111111111, 11111111111 111111,
1111111 11111111 1 1111111 1111111 1111111. Ζ 011111 111111111111 godo
111111 1111111 1111111Κ1111111, 11111 111 111111111 1 11111111 111111-
1111 1111111111. Tam 1111111111 11111 1111 1111111, 1111 111 11111 111 11111111
1 1111111111111111111; 1111111 11 1111111111 11111111 1111111111 111111
11 1111111. 111 11111111111111 1111,111-11 1 1111111 1111111111111, 111
111111111111111111111111111111,111111111111111111111111111111,111111 Ν
1111111111111111111111111111111,111111111,1111111 1111111111111,1111- }
11111(1111111111111111111111111. (111111111111111111111111111111111111
1111111111111111111111.1111111111111111111111111111111111111111- J
11111 Ρ111111111111111111111 11111111, 1 1111111111 111111111111111-1
glo, 11111111, 11 11111111 1111111111 1111111111, 11111 11111 1111111111 11-
11111 111 1111111, ,11111 111 111 1 Κ11111111“ 1111111, 11 11 111111111
111111 111111111111111111111, 11111ε ,111111 1111111111, 11 1111111111 111
,111 11111111, 111 111111111 1111111111 1111111 1111111 1111 1111111111111111-
,1111111111111111111111111 11111111, 11 11111111 111111111 1111111-
,11111 1111111111, 111111111111 111111111111 1 111111 1111111111 11111111,
,1111111111 111 111111 111 111111, 111111 11111111 11111 1111111111]

 

