· 152 1111111111 w. 111333. ,

magala, 111111111111111 1111111111 11111111111161111 111111 11111 111111-
1111. 111111111111111 1111111 1111, 11111111 111111111111111111111
Ι1111111 1111111, 111 1111111 11111 11111111161111 1111111 1111111111
111111 11111, 1111111111111111111111111111, 111 1111111111 111111, 11111
1111111 111111111161, 111 11111111111 11111111 11111111111111111 11111111
11 1111111111 111 111111111111 11111 1111111111. 111111111111 1111111111
1 11111111111111111111111 11111 Ρο11111, 1111 1111111116 111111, 11 111
1111111111111111 111111 1111 11111111 111111111111 Κ111111111, 1111
11111111111111111 1111, -nigdy 0 1111111111 111 11111 11111111111 1Κ111-
1111111 1 111111. 111111 jego 111111111 111111111111111111111 1111111-

” 111111, 111111111 1111111 11111111 111111111111111, 111111111111111111

1 11111111 11111111 11111111 1111111111, 11111 11111111 S. 11111111111
11611, 11611 11 111 1111111 11111111 1 11111111. W 111 11111111 11111111
11611111 Ρ11111 1111111 1111111111 11111111 11111111 111 1 1111111, 1 1111-
1111 Ρ111111 11111111 11111111, 1161111 11611 11111111111111111 1111111
1111111111 11611111111. Ρ111111 111 1111111111, 1111111111111, 1 111 111111-
1111, 111 11111111 111111, 1111 11111111 11111 1111 1111111111, 11111 1111
11111111111111111 1 1111111111111111111. 1111 1111111111111111 11111111,
11611111111111111 1111111 1111111111 1111111111 11111111111111 1111111,
111 111111111111 11111, 111 1111111111 1111 1111111111 1111111111 11111. 01
11111111 11 1111111111111111111 11111111 11111111111111111111111. (111111
1111111 111116 111111 1 1111 1111111, 111 1111111111 11111111111111111
rycerza: 11111111 111111111111 1111111 1111111, 1111111111 11111111 go
1111111111, 11111 111116 11111 1111111111 111111, 1111111111 111111
111111, 111111111111111111111111111111111111 11111111 1111111111.

1111111111, 111 11111111111111111111, 11111111 111111 1111111111, 111111111-
natm 1111111111 ι11111ιο11111111; 111111 111 11111111, 1111111111 111 do
8111111 8111111111ιί 11111 11111111.

1111 1111111 111111 11611 1 11111111 11111111 11111111111 1111111-
11, 1111111, 111111111111111111 1111111111 111111, 11111111111111111111
1111111111 111111161 11111, 1111111 11111 1111111111 11111 1 11111111,
1111111111 1111111111 116111111116. 11111 111 1111 11111111 111111, 1111·
111111 11111111 11111111 11 11111 Κ11111. 1111111111 11 1111 11111 111
11111111111111111 1111111111, 111111111111611 1111111111 ,1111 1111-
,1111111111111111 1111 116111111111, 1111 111111111111111111 1 111111
,11111111 111 1111111111· 1111111, 1111111111 11111111 1111111111, 11611111 111-
,111111111111 11111161 1 1111111 11 trouu 1111111111 11111, 1111111111 11

 

