01390. 0000000000 00000000. 463

101010 0 1000000000 1 1100000000 0 Ρο1011000, 00000001οο00 do
10110001100001010, 01010 0000001010 00000001, 1 00000 11001000 1001101010
0010010110 0100100001, 001011 001010 0000 10 000010.

1101010 1111011 1 10001000, 0000001000 00 1111010001ὀο jak 0010001000, 00000101
010100οῙ0 01 0101010010 000010 111100 10000010 10 100οε 0101 00000 1111011
0000 00000010010110 000010 0011101010 00001 0000100011. .

W 000010 0101010010, 001οΡ01000 1 10110101 (10101010000 0110100011,
0100000100101 00100001 0100001010010 00 011000 000011111001011, 10101001
1010101 1010100100 S. 8100101000, 0001000 010 00011 000010, 0 11000110-
000 0101 (10000001101001. Ι ι1010010011 0101011 na 00000, 0000100 0 0000000

Ρο0011010 0101000010 na 000000 00101 10110 0100000100] 11010010010- ·

1001010001001000100101 10100000101010000 Ρο1 010101 0 muru 01000000,
0001000101οο 0001010100010 0000010011. Ζο 1000 0000110100 10000110110100101-
1010 Ρο1000 0000001011 0 0000όο 101) 0101000011. 1111000 001100 101010 Wi-
101011 1100001000, 10 ich 0011000010 1 0000101010 001010 00 0100000, 0 Ρ10101
00 0110010 S. 11101010, 0000110000 10101010 1010110110 101010 00000 10010
Ρο1011000·11101001000 0110100000, 101001 1 0100001010 0001000000 00
0010, λ1 0001100000 000010100ογ 010001010100, 010100111010101010010, 1 00000000
001010 00000 010010 (10 Ρο00 00010111. Tu 101010 1111110101 0100101000 Krzy-
100110οο 001010100011110 (0110101 1001000, 10 00 010100 001010110); 000010-
00011010010001001000100100000010100 (1100001010) 1000100110-
00010, 11000001 110110001010 0100101000 10010010000, 101010 in-
nych 11100010011010 1 001000100011010 000000οι 1110001 0000000 0000010,
000010 na 11100 1 2000011 000011 00100010, 0010110000 1 1100001010101010101
0 0100010, 00100 010101 1 0000000 0000010 00011010.

1110100100 1011οη0100οι0 10 11100, 100001 0000010 0100010οο 1 000110, 0 00
01010010 01011000010100111101011000 1 1100011000 00000 11101010 0110010000-
00, 000000101011001 0 01010100.

11101001001001 Ρο1011, 010000 0010000000 110011 1 000010000010 00-
00101000 00000 1111101010 1 Κο00101όο 00 1011010, 001001 010 0100100
w 0001001000 1100001010, 0000001000 0 0010 na 0000010 00000000 00000 000001000-
1όο, (10101, 1000, 101010, 0010010101010; 0 0000100000 (10 101100, 000001
0101010010 jej 000000, 1000001010 0000010010 010011 1 01000011 0000110 101101-
010111001000 0000010. (1010 001 11110101 1100100000011 10010 Ρ1-

 

