1. 1314. 111111. 329

nim 11101 1 111111 10101101 1001011101 111 10110111, 10111011011011-
111, 1111111101110101101 i· 0111001111 1111001111 11101010101 0111001111
1111111111 1 upomnie'niem: ,011010111111101011010 1 10101111 1101111101-
,01111, 1 1010 011010 110 0111111 10110111010111 1 1110111 01 10111011111
,101011110, Κο111110110 1101111 11110 101011010, 1111101111111
,1101110 1010101 10101011011 101101 1111010110] 1110101101οἰ, 1110111010
,1111 1100111 10 011111 111101011010 10 010110101011 010101101 110011, 11-
,1110110 10101 (1010111) 11101 0101, 0011110101011111 (krolestwo)
,01111011101011 1111010111 1110 1010111011 111110 11010; 110 101111 da·
,1101011110 111101011, 11 10 011011 101010101οη1 01110 1 Ρο1000
,111001101110101 1101011111010.“ 110 1111101 1111011οΡ01001,11111-
101101 011 10101011010 101111010111 101101111011 1110101110101 1011110101,
1011110111 1011111011 110101101110100 010111011001, 0110110111011; ,10 1111
,1111111011 11 111111101010 1011 1 111100111 Ρο1011011 1101111,
,1101111 ioh 110101 011100101010 1010111 1 111101 10 1111101011 1011
011011011 1010 1111011 1111111011 11101 111100101101 1010101111111101
100111, 1111111100111 111111 ,0110101011101010111011101 11101 11110
,110111ἰο111 10101111, 111111101111 ich 0111001010101010111, 110
,1011011101 010100101 1011101111 101 1101110101010110111010110 1101111-
,0110111101011011011100111.“ Κ111 101111, 0110111011 1 101 0110110
01 1101111101 011100111Ρο1011011 010101 1101101, 0110110111111 ,1010-
,11101111 1010 1101111011 1111Ρο1011 0110011111011110 11010101 110-
,101Ρο10111 111011 101110111111 10101110, 11011111101 011011101
,110 111011, 1010101 111101111010 011110 01101010011010, 1001110101
,11101 01011 1111110010111. 1110101010 01 110 0110110 11010101 11011, 110-
,101111 10 110 10111 1 10111101 111100110 Ρο1011010, 110101011110101
,11010111 10101101, 1111110111011111, 10111 1111110101 110111101
,01 11100111 11110101 011101 1100101010 1010111, 1001011110 00110 01111 11111-
,011 1011111111110101 110111, 111011 1101111, 1111101, 111011010101011-
,111 111100111Ρο1011010 0101011 10111111110111010110101101, 1 1010111
,111111 1 11011 111111 01111 1010 110111 1 J 011111 10 1110111111 11011
,1 1010111101 011 10111111011111100110, 111110 01010 001011111111 1 1111· f
,11, 10 010011 Κ1111110110 11111 1001111010 (00 10 01101 11111110
,1 11111010 0100110101, 0111111110111 1101010111101 11101 1011
„J 01111 1111011 8101111011 1110110010 1110110101010, 1 11111010
,101 10101011111011111101) 11001 1111101 01111 011101110110111111-
,1101011 1011111111 010011011001101, 1111111 111111 110 11111 11110-

Ι ,10 0111, 0111 11001110110010101011110101 8111010111 1110101011, 10
,1011011 11111011, 0110111111101111011010, 1110111100111111111
J. 11111011. Male 1101111, 10. 1 42

 

