544 1111111111 11111111. n. 1409.

„przyrzeka, 111 11111 111111 1111111 Ρ11111 11 111 11111 1111111111 1 11111·
,1111 111111111111111111111 11111111 11111 1111111111 Ρ111111111 111111111-
„dms Po 1111111 1111111111, 1111111111111111111111111 1111111111, 11 gnie·
111 1 11111111111111111111 1111111 11 111 11111111 1 1111111111, 1111111 111111-
1111111111 11111111111111, 11111111 111111 1111111111, 11111 11111 1111111,
11 11 1111 1111111111 11111 11111111 Ρ1111111111111111. 1111111 1111
1111111111 sie, 111111111111 111111 Alexandra, 11111111 1111111111 1111
11111 111111 1111111111, 1 1111111111111111 1111111111 111111111111111
111111111, 11111111 111111 11111111 111111; 1111111111111 111111-
111111111111111, 111111 111111111111 1111111111111 111111, 1111111111-
1111111 11 11111111, 11 11111 111111111111. 1111111111 11111111 1111
Polski 1111111 1111111111111111 1 sam 111 11111111, 1111 1111111111 11111111
1111111 11111 111 1111111111, 1 111111 111111111111111111111. 1111 1111111
11 1111111111 1111111111 1111111111 1 1111111111 1111111115, 11111111
111 11111111 od [11111111 1111111111 Ρ1111111111111111, 11111111
Ρ11111 1111111111 11111111 1111111111, i 1 11111111111111111111111111, 111
1111111 111111111 11111 111 111111111 111 11111111.

11111 1111111111 1111 111111111ιί 1111111111 11111 1111111 mich odmiodi:
11 11111111 nu ¹¹2 1111111111 11111 1111111111, 111111 111111111111111111
11111111 ammonente 11111 11111111 11111 11111111 1111111111 ss·
111 niatu 1111111 agion, niorozvaino 111111 1111111 1 111111 11111111 go
11 111111111111111 11111 111111. 11111111 11111111 111111 1111111111 11111111,
1111111111, 2111111111111111111 1 im 111111111ιί1.

(11111111111111111. Alexego, 111111111111111111 1111111111 Ρ11-
1111 11111111· 1111111 1111111111, 11111 1111111 1111 11111 111 11111
1111111111 111111111 Ρ1111111111111111111. 81111 11111111111111111-
1111111111111111111111111111111111111111,1111111111Μί-
1111111 11111111 811111111111111, 1 1111111 1- 1111111111

1111111111Κ111111111, w 1111111111 1111111111 111111111. 111111-
gen 1Ρ11111111111111. 1111111 1111111111 11 111111111111, 1111
1111111111 111111 1111111 ,1111 11111 1111, 11111111 11111111, 111 11111111
,1111Ρ1111111111111111,11111111111111111111111111111111-
,111111, 1111111 1111111 1111111111 111111 111111111111111111111111-
,111 j, 1111111 1111111111111111111111111, 111111 1111 brat 1111111 11111111
,1111 11111111 1111111111, 11111111 1111111111 Ρ111111111 1 1111111111-
„lega‚ 11111111111111 1111111111 1111111 11111 111111 11111 111111
,111111111111 1111111 1111111. A 111111 111 11111 sie 11111111 w 111 1111111,

 

