56 ' 1111111111 1111111111. 111311

,1111111111 1111111 111 1 11111111 11111 Β11111. 11111 1111111111
,1111111111 1111111111 1111111111, 1 1111111111 11111111 111111111-
„stow

111111, 1111111111 11111 11111111111111, 1111111111 11 11111111 1111111
11111111ήὶ111.

1111111111 1111111111111 111Η11111111 1111111 11111, 1111-
11111 1111111111, 11111111, gdy i 1111111111 1111111111 1 111111 1111111
ludam 1111111111 111111, 1111 Η111111 11111111 1111111111111 11111111
11111111, 1111111 11 11111 1111111 11111 11111111111111111111111111, 11111
1111111 1111 1111111, 111111 11111 1111111111 1111111 1111111111 ·
1111 11111, 1 1111111 11 1111 111111 1 1111111 111111 1111111111 1111111
1111111111 111111, 1111111111111111111111111111 111111 111
11111 11111111 111111 111111111111111111111. Ρ111111 1111111111 11111111,
1111111111 111111, 1 1111111 11 111111111 11111111111111111, 1111 111-
11111111111, 111111 111 11111111 11111111 1 11111111, 1Η111111 ΙΙΙ,
111111111111111, 11111111111111111111, 111111111111111111-
’ ,111, 111 1 111 1111111111, 1111111111 aad 111111111111111111,
’11 111111111111111111111111111111111, 1111111111 1111111, 111111
1 1111111111 1111111 111111111111 11111, 1111111 111111111111 111111-
11111, 1111111111 1111111 811111, 11111111 1111 1111111111. Α 111111-
111111 11 111111111 11111 1111111111, 1 11111111 1111 1111111 111111
11111111, 111111111 111111111111111ε ,11111 1111 1111111111, 11111111
,11111 111 1111111111, 11111111 1111111111 1111111111 1111111111 11111111,
,111111111111111111111 1 1111111111111111 ΙΙΙ, 1111111 11111111,
’ ,111111111111111111111 11111111111111111111111111111 Ozeskie‚ i 11-
,11 11111 1111111111, 1111 111 1111111 111111 1111, 1111111111 111111
,01111111 1111111111 11111111 1111111111 11111111, 111111011-
,1111 1 1111111111 111 1111111111 1 1111111111.“ Η111111 1111 11111-
111 1111111111 111 11 11 11111111 11111111, 11111111 11111111, 111111-
1111111111111 111111, 1111111111 do Spiry; 111 11111111 1111111111
1111111111 111111111111111 1111111111, 1 1111111111 1111111111 111111 111-
11111111111111111111 11111111, 111111 go do (11111 1111 1 1111111111
11111111 1111111 11111111 ludu, do 1111111 1111111111 Ρ11111111111-
11111 Mogunckiego, i 1111111111 111111111111 1111111 1 11111111,
111 1111111111111 11111111111Η111111111111111111111. (111 11111111
111 1111111111111 111111 1111111 111111111111, 1111Η1111111 11111111
11111111 1111, 11111 111111 111111111 Ρ1111111 1111 1111111 1111111111

 

