268 mmmm 1. 111362.

1111111111111111 1111111111. Ρ1111 11 11111 11111111111111111111111111
1111 111111111111 1 111111 1 1111111111111 11111Ι 11111. 11111111111111
11111 1 1111111 111111 11111111 111111111111111111 111111, 111111111111
11111111111111111, 1111111111 111111 1111111111, 1111111 11111111 1111111-
111 11 11111 11111111 111 od 1111111 1111111111 Β11111, 111111-
11111 1111111111 1111111 11111 111111, 1111111111111 po nim 111111
11111, 11111 11111 1111111 11111111, 1111111 1111111111 11111 1111111111όί
11111111 11111 11 11111 11111 11111111111 11111111.

1111111 1111111111 11111111 111111 111111 11111111, 11111111 1111111111.

1111111111. 11111111 11111111 111111, 1111111111111111111111
111111111111111 1111111111 111111 11111111111111, 11111 111111111111111
111111 111111 11111111 1111111111 11111111111; 111 111111111111
11111111111111111111, 11111111111 Κ1111, 1111111111111 1111111111 111-
11111 1111111111 111111 1111111 (1111111111 111 1111111111 1111111111
11111, 1111111 1 111111). Ρ11111111111111111 111111 1111111 11111111 111-
111111 0111111, 1111111111Ρ11111, 111 1 1111111111 1 1111111111
11111111 11111111111111 111111, 11 11111111 11111111111111111111 postu
11111111 1111111111 11111111. 11111111111111111111111 Winrioh 111111 Κο-
11111111 11111111 1111111 1111111111 11111111, 1 1111111111111111111 1111111
11111111 11111111 111111111111, 1 111111 111111 1 1111111111111111 11111
111111111111111111111 111111111 111111111111111 (ignitorum telorum).
Α 111111 Wo 1111, 111 11111111111111111111, 1 1111111111111111 1111111111
11111111 11111 111111, 1 1111111111 11111111111111 111 111111111111 1111111
1 1111111111111111111111111111111, 111111111111 1111111111 11111111
1111111111, 111111 11111111111 11111111111111111111111, 11111111111 111111
111111 11111111. 111111111111111111 1111111111111 1111111111 1111111111,
11111111 11111 111111111111111, 111111111111 111111 111111 11111 111111
1111111 1111111111, 1111111111 1111111111111 1111111111 11111 111111,
1111111111 111111 1 1111111111 1111, 11111 1111111111111 11111111 1111
1 1111 1111111111 11 1111111 1111111111. 1111111111 111111 Κ11111111
1 1111111111 11111111 1111111, 111111, 111Κ1111111 111111111 11 1111111111.
111 gdy tego 11111111 111 11111, 1 11111, 111111111111 1111111111, 111111
111111111111111111 111111 111111111111 1 11111111 111 1 1111111111, 11-
1111111111 111111111111 1111111 1111111. 11111111 Κ1111111111 1111111
1111111 111111111111, 11 1111111111 11111111 11111111 111111111111, ’
11111111 1 11111 111111 11111111, 111111 111111, 111 11111111111 11111,
1 1111111111, 1111111111111111111 1111111 1111111 1 1111 111111 111111-

 

