400 0010011000. Ι R. 1383.

110 10111110 8101010110 101000 1001110101 11010 00001100 zio-avita 1011010010
1010010011000 10 1101111 1111001010. 110110101011110111 0011001010 010 101011
000011110101111010 1001011, 010110 1 1001000 mosi, 010 11011110 010-
10001 10101011101110, 01100 11110 11111110, 1 1101100101οο] 0100011010 11101
11101001 10110101 10 0110110010 10 101011. 11010 0000 01100010, 1 0001011111·
1111010101010111010 10 1100101 maviani.

(110 10101011 111011001110010 001110 110100, 000101 010 00011 w 81010
110, 0110101111 10110110 01010110, 0011101 01100110 Ρο101100, w 0100110101
0110101000 101101110100100010110100100001011000,11101011011000
11011101011000. 1010 1101001 1 0101010100 1111001110 1101011000
11010111001000101111111101110 11110000110010101100 0001011 01010111
00000 1101110, 10110110 01001000110111011010 01101110 krolestwo 1101000110

1010100ἰο 11010010011000, 1 001110 10110111 11110010 10111100. 1111110- ἶ

0100 0011101 101010 0001011 1 1110101011, 10101101100010 0100110
10110110 1010101110 1101000110, 0011001010101000110000011100 1 0010101 1010-
1100 0010010. 1101010 go 10 10010111 10111010 01101 110111 Ζ 1011100110 01-
11101010010001110101001110110 1111001 twa Polskiego, 11110001 1011101101
001110 010 0100101000 00001111 10101010. 101 0010111100 0110000101011 11101110-
1111101011110111, 11101000 1000101 011101 11110 110 000111 810101111. Wielu
001110 1 01100110 Ρο101100 00110000000011101000110οἰ 1010100ἰο 11010-
0100110110 110 0000 00110101 1 0011001, 1011011010 11110111 111010010-
00; 1 zamach 01100010001010110 111010 01100101110 0101111, 01010 00110010
1100111100οἰ nie 1011 000011100011 0010100001. (110 0100 0010000 1101001100-
101110 1111001110 Polskiego 01011111 0110111110111 10101110 1101000110
10101001011010010011000, Βο110110 01001101001111010101011,111110
10110101 10 0110111010 10110 2101100110οἰ, 0000100010, 1000101 1010100-
1101100· 0110111011 11011110 01100110 1 10001010οε ,0101110 10011010 010 1 1111
,0010 01011011001101010100101101001001100001101110100000110

,11110 Ρο10110001“ 101010 11010000 0100010111011 0101110111 1001110100 J

100111 0111011010 ,10 0100, 010 Ζ 1011101111 101 01101101 1010100010“, po
0010101110 010 1010110 1 1111000 11110110 01100110, 10110 1 10010110 1100110
101 1100111011, syn 01001010111000 00000010 Κ10100011000, 10101
010010 0110111011 ,11000111 010 1 11010101001000001110010, 00001110, w 0010-
,010 0111100· 10111100 1110101 1 0010100101. 1110001 10 011011, 1111001110
,10100011101010100 01110011οο11, 010101 101100001110001010 00010 00111010,
,11100100010000101110, 10 01000 011010001001111111101001010111110 010 111

0

,100110101011101110001011010,1010101010101100100101110111100 J

,00100 001000 0101111000Ι 0110100111,ωο0010001000 110 11101 1110010010 10-

 

