1111111119
11111911 1919191119 (1191119111 1111119911 19119191 1119111 1119111919
-919111911111 911 ί11919111 111191 1111919111 1191111 191 11 1119111
111111 1311 111111111911 11111111 9119111111 111911119111911191
9191191111 ι9111911119991111 199111191111 (9119119191191191911919
-111 ι11111 111111 911111 119 11911111 19111 19111111 11991111 9119111
119 11111111 111 199111 od 119111 111911 1911111111 111911 11119911
-1911 119111 9111 91 111111 919111111 1 1191191 11911911 1119111 1 (1191119
-919911119111111 191119 11111911 1111 ’99119111 111119191 1111119911
1911111 91191119111111 “11911(111111191119191 ἑ191199 9111931111 1911
111911 111191 11919911 9119111 11111199 911 91119119 1111 9199111919 1111
-11911 (1191191911) 11111191111 11111 1111911 911 9119 91 ι19119
-111 11911 91 11111111 1911191111 19191919 1911111 1 1111919111 119191
-111 111191 11919111 11111 11911911 191111 119111919111 91 1911911111
11911111 191111 111191111 ι11119191 1 1119191191 11 11911119111119 1
1111111 1199111 11111111 11111191 1191 1111 1111111919111 4191111911911
-191919111111119911 1191911119 1 11111191 ι1911111111 119111 11191111

91111911 9991111 11911 1 191111 911111 1199
111 111 ’1191111111 1199111 9119111 1911 1111 91111 11111111 111111 111911

9111111111 19111 1911119 ι119119111119911111111191 (119119 19111111
9391191119111 1119111111 11111911 1911911 11911119111111191 111111
9911111 9111191111 11919111 1911111111111 11 1111111911 1191911111
1119111111 11919911 ’9111191191199111111 1 91191119111911 1111111 111911
-1111191911119191111 19119191191 1119 19119111191 11 ί1119391111
11111111 19191 91 11119111 9191991911 311191 9191111999 191191119 11911111
1191111111 1191119111911 9119111111 111 1119191111 1191111 191111
1911919111111111191191111111 9991911 9111 919911111119 11111 11119
-911 1111119111 1919191191111 (111191 11191 1111191111 11111 191
-911919119111911119111111119111119111911911119111191191111
111911 919191119 ι1191911111 1911919111 ί11111911 1 1111911 1111
-1911119119199911 191191911111 111111111111119111 1 11111111 191111
111991 1111111 1111111111111911111919 1111991991111111911911 1119111 11
111 ι9119111911 9191 od 119111111111111911111 19111911119 91911 1111191
-1111 91919191 1 1 ι11199111 1111 11111 119119111911 1119919111 u0

'9981 'a ’Δ mmmm 885

 

