1400101 01. 0010000011.

1100101 01. 1100101.

1100101 901110ιο. 110110. 417. 419.

1100101001. Βο0100100.

1409001009 m. 239.

1409401000110 0011 239. 240.

14910 (140010) ιι. 252. ·

140190οι0ίο 1000110ιοί0 ιι. 61011 428.
1401900001100οΗ00010 00. 24. 57.
14019000010100οΗ000 711 000. 70.
14019000010 1000 Βο1. 10. Brzeg. 11190. 163.
11019000010 1000 1110010 10. Βο0οι. 269. 295.
14010010 01. 1101ιο00.

1400111011 1101. Ρ1001. 471. 487.

1400010 archid. 001010. 163.

1400010 0 10000000 419.

1400010 11. pap. 508.

1400010 ob. 30010010.
110001010ψί0 w. 1 0001. 94.

140οΙ001009 0001. 129. 132. 266. 287. 452. 544.
1400100 443.

1400101004 ν. 8100001009 156. 465. .
1100101001 ν. 60101001 529.

1100γο 1000 1100010 111οι1010 29. 49. 79. 93.
1400γο 0011001000ηο 1000 10011000 183. 189.
1100γο 06010101001010. 81011. 204. 316.

141000101001101. Wesprym. 190.

1410101101 9000101111. 68. 91. 238. 343356

1410010111 m. 441. 465.

141110101όά zum. 395.

141100196οι0 000. 299.

141140100ωο m. 10001. 302. 395.

110110 (1401100) 1111100 000. 165. 166. 188.

11101011 m. i 0001. 356. 382.

11110101 100100. 0101100010010. Ρο1. 6. 12.

ΜΙ10101 0 31000 (do 30000) 94.

14110101 syn Bol. ks. 1001110206.

14110101 syn 1111. 10. 100110. 206.

11110101 00. 6000001010 48.

11110101 10110101 121.

14110101 0111011 121.

14110101 1010010 1001. 1101. 001101. 7. 13. 16.
29. 70.

14110101 01 800000.

14110101000100000 1101. 11001. 233. 241. 285.

14110101 ob. Benedykt XI.

14110101 opat kl. Mogiln. 92. 96.

14110101001190 75. ,

1411010110. 11001100. 162.

14110101 (101οι. 001010. 98.

14110101 syn Bol. 101011001009. 100.

1400γο 0601010100. kr. qu. i PoL 282. 285317. 10110101 bisk, Boon. 7.
324. 329. 358. 386. 398. 402. 426. 427. 448 14110101 900000 kl. 3100010110011011. 135.

483

140010 0100100 10110111, 101101. 71011110 380.
11010000 0110100, 101000 1100110. 17. 298. 328.
140000000010 0110 nazary 114. 116. 201. 322.
7611οΨ123 4. 69.104. 106. 169. 116. 118. 163. 11110191 pleb, Lubonyc, 257
168· 180· 185· 838· 866· 291· 349· 364· 365· 14110101 10001. 0010101163,

387. 410. 413. 414. 451. 478. 525.
1400011100 1000 1100010 000 110. 00. 269.
1400111110 1000 Ηο00. 10 mog. 13. 25. 50.
14ιά10100 m. 69.

14010009010 (14Ιο0010111 m. 441. 444.
1401001γὴ011 01. 10110 0110101100.
1100001 01. 1110110010.

1400000 0010. 520.

14009Ιο10000. 68.
14011001009 (11010ιο1009) zum. 452. 465. 470.

1111011 100 8100. 159.

14101011001. Kruszw. 98.

1110101 0 ’10000000 10001. 1711110. 341.
11101010 3090000010 10001. 10101. 523.
1410101 110900, 810001 344.

1410101 11001ωο101οο 0101100001οο 3010101 530.
1410101 syn Τοιο00010 0 001000000οι 392.
141010101. 1100101 10. 111.

14110101 1001000 Krak. 257.
14110101 31001101000 257.
14110101 prob. 0p01 169.
141101011101. Eget. 190.

Ι1141101011101. 1110100. 0000111001. 339. 341.

14110101 00000Ιὶ00 10001. 1711110. 346. 438.

14110101 0 110ιηί101101. Ρο00. 330. 352. 372.

11110101 prob. 001010. 323. 352. 369.

14110101 0 Ργς100010 10001. Β11000.289.

14110101 0 61000000 10011001. 361.

14110101 10001. 190010. 367.

Μ110101 ΙΙΙ. 1101100 schol. 0101101. Pozn. 373-·

11110101 syn 001000 0 Semelen 376.

Μ1101011101. 77009010. 398.

14110101 11090010 10001. 1001010οι. 399. m

111101011101. Κ1100. 405.

14110101 0 01001000 100100 171001. 411.

14110101 010101 420.

14110101 0 1400100000νο 10110001. 1051. 438. 452.
462. 464.

14110101 10. 0100. 461.

1410101000010 0100110 16. 17. 134.161.164.170. Μ110101011100000001000462.

177. 194.
1410010ωο11 11000100 69.
141000111οι0 ks. 0100011. 21.

14110101 1100000011 00011. 001010. 480494. 507.
509. 516. 523. 535. 538144. 545. 554.

 

