184 , (00000000 0. (01340. Δ

10000010 01100 0000000000 01000000οε 001-10, 10 0010100001 001011 00111000,
0 0010001011 00000 01000111 01010 1010110110] 1 0001000010100 1000101001
Βο00011000; 001, 1010101010101 0000101010010110101 1100100101; ju&
01000010, 101000 101111 101000010000101000 0000110 00000011, 0010000100
000110110010110000001011010, 0 Ρο101όο, 00001101111010010 010-

‘ 100010, 10000101 101 10001011 1 001000101. 111100 00100110 0 1001 01000000
0010100110 101 10 0010100010 1010010010, 0 0000010100 10101011 010 mom.
111010 00001100100000 00000000 01000 010 1110011 01010 1 01000110, 11110
000101000110100010 00001110 000010 11001οό0, mimo 1000 01001010οο1, 1
00000000, 11100 010 00100· 0010100110, 0000010 1101010010 0100000001, 10 go
00010000111 000111, 010 101010 0000000110 0000000100010011000 00 10011011
01000101, ato 001001000010, 10 0110 00000 10 0000010 Bogu 011000. 11111
Ρο1011 1100101000, gdy 010 01000 10110001 1001010101, 0010100000 0 000-
1011001000 100010 00110 10110 000010, 001000000 00011010ιο 0101000100
Rus po 0110010 1110111000000, 1 (0100101010 0101001. 111000101οο 10000 ·
00000 0000 01000110011001000011 0101010010, 010 0110100· 0100011010010101010,
0100 0 000010100000101 0000101 11001, 110100 010 0010100, 00100000 1011-
00000, 1010101 (0100101000111, 0001011 10 10110 00101010000100, 10 001001 mu
010 001101, 1010100 1111 00010011, 10 01010 1011 01000110 0000111 011010-
0101010101010. 1010 11110001οἱ1 010 00 100 0010001( (01010101 10001010,
10 01000 go 01100011, 1100101 000010101010001100100001110 0101010010 1100-
0111 010 10 0010110) 0100011 10000 1 10110 01000011 0001010 00001100 0001-
100000 010100 000011, 0101011 (001011010100001 1 010001ος0 0001000010100.
Κ111 00 0000010 00001όο 11010010 100000, 0001001000 0 0101 000010 10101-
1100· 00110101 00 10000011 1010101001( 11001 010010, 0 010010, 0101000, 0001001,
1001001001 11001011 1 1100001001, 0010100 11100101 0010000000 100 100010 01010
00000000 0000110100001110010000000, i 1010 101000 0010100 1001001001
10001001 10001001 00000000· 0000, 1010101 00010 11100010 0100000000, 01
01010 1 1001001, (10 00000 001001 010110. 101010011 001010 001 1110101-
(01010, 1 1010001010 1 (010010, 0 0001 1 0010 010010 1101011010, 001
00000 00000001 0001000010. Νο1000010 00011 1000011 1 11101010100011,
001 10 0000 1100010οο, 0 10 1101001 0110010010 1 010000 00100010 0010
00000000· 110010 10101 1 00010, 0000110000, 1110 00 jego 0010010010 010 100010
00100110 10 1010000, 0 0 010001 1 0101100 1000011100· 0001010000 00000 010-
10010 1 0000010000 00011 00000100 001000, 010101 001010 0101100000 0100-
najmniej 00001010 0 010000001011001001, 0100000000 0000000101 1000 1 dammi
Rusin6w‚ 00000110 101011 000010010 1 bez 001010, 00100000 0 001010,
010 0 Κ1010010 010101 0101010 010010 1 0101000 001000 0000010101.

 

