111 mmm w. 11111. .

,11111111111111111111 1111111111, 111 11111 1111111111, 11111 111111
,1111111111 1111111111 111111 11111111 Ρ1111111, 1111111111 11111111-
,1111 111. S. Ρ1111111, 11111111 1111111 J 11111, 1111111111 1111111111
,111 S. 1111111, 1111111 1111111 11111111, 11111 11111 8111111 1111111-
,11111 1111111111 111 1111111111, 1111 11111111 1111111111111111111. 111
,1111111111 11111 1111 w 111· 1111111 1111111111, 111 11111111 J 11 11111
,Β1111 111 111111 11111111, 11111 111 1111111111 1111111111111111111
,111111 11111111111111 111111 1111111· 1111111 1 111111 1111111111· 111
,1111111 1111111 111111111 11111111 1111111111 1111111111, 1 11111111
,1111111111 111111 11 11111 111 111111, 11111111111111 1111111 11111 111-
,1111111 1111111111 1111111111, 1111111 1111 1111111111 11 11111111, 111-
,111 1 111111111111111 1 1111111 111111 11111111 1111111 1111111111.
,1111 11111 1 11111111 1111111111 111111111111 111, 111111111111111111
,111111111111111111111 111 11111111 111 11111111 1 111 11111, 1111111
,11111111 1111 111111, 111 1111111111111111 11111111, 1111111111111111
,11111 111111, 1 1111111 11111111111,11111111, 1111111111, 1111111111
,1 1111111111, 1111111111 1 1111111111 111111, 111 11111111 111 1111111111
1111111, 1111111111111111111 111 11111111 111 111111111 1111111111
,1111111111 111111111111111 Β11111111111 1111111 1111111111 111111-
,1111 11111111111111111111111111111111111, 1111111 11111111· 1111 11111
,1 111, sami 11111 111 1111 11111 1111111111, 1111111111 1111111111 111111-
,1111 11111111111111 111111, 11111111 1 1111111111, 11111111111111111111111,
¹ ,11 11111111111111111 11111111, 11111 1111111111 11111111, 11111111 11 111-
,1111111 1 drugim 111111111111111. 11111111111111111111· 1111111 1111111111-
,11111 11111· 811111111111111111· 11111111. Ρ1111111111111111111 111111·
,1111 1 1111111111 111111111111111111, 11111111, 111111111111111111111
,1111111111 111 1111111) 111111 11111111, 111 11111111 1 11111111 11111111,
,1111111111 11 1111111 1111, 111111 11111 1111111111. 1111 111 1111111111
,1111111111 1 1111111111 11111111, 11111111, 11111111, 11111111111111111
,1111111111 1111111 1111111, 11111 11111111 1111111111, 11111111 1111111111
,111111 1111111111 1111111111 1111 1111111111, 1111111111, 1 111 1111111111
,1 1111111111, 111111 w 1111111111111111111 11111 was 11111111 1111
,1111 111111111, 1111111111 1111111111 1111111111 1111111 1111111111, 11111111
,111111111111 11111111 1 11111111111111 11111111111111111111 1111111111,
,11111111111111 11111 1111111111111 1111111 11111111, 11111111111111
,11111 1111111111111 111111 1111111 1111111111; 11111111 1111111111 w 11-
,11111 1111 11111 11111 11111111111111, 11111 111111111111 11111 1111111111
,1111111111111111111111111, albo 1111111111 11111111 11111111 11111111,
,1 1111111111 11111 11111111 1111111 1111111111, 111 111111111111111111
,111 Ι1111111111111 11111111111111111111111, 11111 1111111111, 111111111-

 

