11311. . 11111111111111111. 51

1111111 111 11111111111111111111111111111111, 11111 111111 1111-
1111 1111111 11 11111111111111, 11111 11111111111111111111111111111 1111111,
1111111 11111111111111 1111111111, 1111111111111111111111 111111111
111111.Η111111111111111111111111111111111111111111111-
11111 111111 111 11111111 1111111111 (111111, 111111 111 1111111111

’ 1111111111 11111111111111111111111111. 111111 111111 (1111111111

111111 1111111 (1111111111111 111111111111, 1111 1111 1111111 1111111111
1111111111111111111111111, J 11111 1111111 (1111111111 11111111, 11111 11
1111111111 11111 111111 1111111 11111111 111111. 111 1111111 1111 111111,
11111111111111111111 11111111 1111111· 111111 (111111111 Η1111111111-
11111, 1111111 1 11111111 111 (111111, 1 1111111111 111111111111 (111111-
11111, 111111 11 111111111 111111 1111111 111111111111111111, 11111111,
1111111 1111111111111 11111 11111111 11111111 Η111111, 1 1111111111 11111-
bom 1111 1111111 11111111111 111 11111 11111111 111111. W 111111 tego 111111
1111111111Η111111111111111111111111111 1111111111 1111111111
1111111111 111111. 111 111 1111 1111111, 1111 1111111 11111111 Η11111, 11111-
11 1111· 111 11111111 11111, 11 111111 1111111111 111111 1111111 (1111111,
111111111111111111 1 11111111111111, 11111 po nim na 1111111111
11111111, 1111111111 111111 11111111 1 1111111111. 1111111 11111111 Κ1111 1111 011-
111 1 11111111 1111111111111111 111111111111111111111111(111111111111,
1111111 Η111111 111111111 11111111. A 11111111 1111111111 11111 1111
1111 1111111· 111111 (1111111, 111 1111111111111111111, 11 1111111111, ‘
1111111 11 Η11111111 111111111 11111111111, 11111111111111 111
1 11111 111 111 11111111111111 1 1111ο; 1 111 111111 11111 1 11111111111
1111111111111 111 111111 1111111 11111111. Po 1111111 111 1111111111111

’ (1111111111111 1 1111111111 1111111111111111111111 1111111 11111111

1111111111, 1111111111 011111111111, 1 11111111 11111, Η111111, 1111-
111111 11111111111 1 (111111111111, 11111111 1111111 1111111111
111 1111111111 111111, 11111111111111111111111 1111 1111111, 11 111-
1111111 ’111111111111 111111111 111111.

non rufium nn.

111111 trum ijitlit 111 11111111111111111111111 11111 11111111 111111·
nom: 11111111 nistra 111111111111111111 1111 1111111111 (11· ziani, 1111·
111111 11111111 111 111111 111111 motu, 111111 111 1111111111 11111111.Ι

1111111 111111 1111 1 11111111 Κ1111111111, 1111111111 111111 1111-
tom 1111111111Ρ111111111111111 11111· 111111, 111 11111111 11111111

 

