406 1111111111. · 1. 1383.

(11111111 ι 1111ιὶ11 11111111 1111111 1 1111111111 111111 1 1111111 nint·

111, 111111 1111111111 11111 1111111111 11111111 111ῐί111111 1111

11111 811111ιί1 11111111 11111111 11111 1111111 11111111 11 1111111111 enio-
1111111111.11111111111 111 111111111111111 11111111111111.

1111111111 1 11111 11111111 1111111111 111111 1111111 11111 11111
1111 111111 11111 11111111. 11111111 (1111111111 01111111 11111111
1111111111,111111111111111111111111111111111111111111-

11111 1 81111111, 1111111111 1111111 1111 1111111111 1111111111
111111111111 111111, 1111111111 111 1111111 11111111111111, 111-
1111 11 1111111111 11111111111111111111, 111 111 nie 1111111 11111 1111-
1111 1111111111 11111111] 111111111111 11111111, ,11111111111111-
,1111 111111 1111111111 11111111, 1 11111111111111111111.“ 111111-
11111 Ζ 111111Ι 1111111111 11111 dni 11111111111111111111 11111111111
(11111111111111, 1111111 111111 11111 1111111111 11111 11 1111111111
11111111111111111, 11111111 11111111111111111 11111111111111 11111-
11111111111111, 1 11111111111 11 11111111111111, 11111111111111 1111
1111111 11 11111. 111111111111111111 1111111 111111111111111111 011111
81111111 (Bandzimirus) 11111111, 1111 1111111 1111111111 11111-
1111, 11111 11111 1 Nakle, 11111111 1111111111 11111111111 1111111
1111111111, 1111111111 1111111111111111111111111, 111111 1111111111
11111111111111111111111111111111111111111111111. Ρι1111-
1111 111111 11111 11111111111111, 11111111111111111, 1111111111 11111-
111111 111111, 1111111111111 1111111111. 111111 111111111111 11111111
111111 Β11111111111111111(111111111111111, 11111 111111111111
11111, 111111, 1111111111111 111111 1111111, 1111111111 sie 11111111
1111111111111111 1111 11111111 11111111111111 1 11111111 11111 11111
1111111111. Ale po 1111111111111111111111111111, 11111111 111111111-
111 11111111. Abraham 1111111 11111111 111111, 1111111 111111
1111111111, 1 inni 1111111111 1111111 11111111 1111111111, 111111
111111 1111111111 1 inne 1 11111111 1111111 11111 1 1111111,
1111111111 1111111111 1 11111 11111111 1111111111 (111111111-
skiego 1111111111111111111111111111111, 1111111111 11111
1111111111 1111111111 Κ1111111ο111 11111111111111111111, 111111111-
11111111111111111111 111111111111111111111. 0111111 111 111111, 111 11-
111 1111111111 111111 11111111111111 1 11111111111111111 11111111
11111, 111 11111111 1111111111 1 1111111111 111111111111111 1111111111
11111111.

 

