196 1010101000 0. 0. 1343. ,

1001010100οἰ 1111001 dumne i 011010100100010110010101, 0101010010οε
,10 110 00010110 011100οο1 010011, 11111110 0 101 0001010110101.“ 10001111
1111 Κο01111010 0111011001 11110010 11001001, 10110011011000111111110-
001010; 0 1110010100 1101010 011001110010100101010010 10101011010
nie mogh mu 0110111001 0101000110, 10101011 1011011101 111011, 1111100100ρο
110001; 111110 001 1010101010όο 0000011011 0131011011, 1101 1011101, 111101 110-
101011 10 0111001, 1010101000 lupi& 10000111. Nio 111011 gmin 10101 00110110
11100011, 01010010 00100 01001001 1100100011111 011011 pod 00010 pano-
00110. 1011111101 010 1011111 0001011011 10 10110100 10301011030, 1001001
0100 0 1010010111 81011100 (81100010), 11110 sie 1010Ιο10000 (110-
01000, 000 001010111οι11 00011111 1010011001 1110101111 00100110, 010111 10010·
mia 01001101. 1101000010 po 001001, 010010001001 1011101 0110001101 1 0101010111,
10001 1000001011 0100100001110, 1000101110 0010100010, 00011 1 01010 ogniem
1110101010 0111000011. Ρο1110 0011111 Ηο11111 101010 Ζ 03011011 00 000 011-
0100101οο 01010111, 100101 1011110 01110110 0 110111. 101 10010111 1111, 0110-
110000001 110110010000101101101001 0010101101οο 1010110110, 0111101
0110 00101100 10 001001 0101101 1 0011110 10101011010, 0111 10 011010
1 0101111. Ρ1011111011010010010101011010 1101100 10101110, 1101010οε „uby
,111100110110010011 111100, 00000001011100011100011 101 0011110001 11110-
,00001111001 1101111, 0101010001οο, 10 Henr‘yk 101010 1030110111 1 jego
,1100101001011010100101111011,1008110000111Ρ10011110100
1110100011, 0101010110 0000101100 1100010 0101111 1 11110010 1100110111,
,1 01001010 0010100010 10000110011101011011010101 110101 1 0100, 0110110
,101001 0010 1010110010 00100110, 10110 im 1111 1100101010 1100110001]
11101, 0010001001 10111111 0101010001οω 011 0100011οο101, 10001 im 1110111110
010110, 0 gdy 0001111010 01011011 0100110100111000110 ,Βο11010 01010101, 10011,
,10101110 10010111 110110 00000 100011011110101101011011 11111 [111100. 1101011
,10101010 10000111 10101010100 10 000, 010 10000111 0111010 10010 11010·
,1000 0001110 ρ1011100000011010; 1101011, 10101111 000010111010 010-
,11000111010 11110010 10101111 110010001101, 0100100000, 1001011101110
,01011101 sprawiedliwemi 0010010011, 1111011 101010100011, 10101, 110
,0100 0 1111001000 10011111, 0011001111 0001010010 0001101 10 001110, 100010-

,10111111011101001111 11110 10000101111011 0 0010 1 110 0001010110 3010111 1

,001011 1 10 01010 01011101001111 1100010 1010110010 1 1001010010 01001 ’

,110010001101 1101011010 1101011111 0100001010101, 0101111010 0100011010 ³

,11010101001110 1010010111, 1 1101010111]οΠ 10010110 0100011010 οΒ0101 1 100-

,1011011010101110.“ 1111011 0110οό1) 0001111001 10111 1 0101011010001 go 00 “

11111110, 10001 0011000101 1001000011ἰο 010111 1001110110 1, 0011101 00010 ἐ

· 010011011011000011110101οΡ010111101110001 1100100010, 1101011- A

0000 1111001011 Ρο101101110, 01011110 11000 1 0101011010, 101101 0 10000 ’

 

