x11

1190101110 1111111110 74. 80. 34. 103. 163. 246. 278. Ludwik 11. quier. 1Ρο1 75. 93. 181. 190191.
11911011110103. 198. 204. 215. 223. 230. 231. 236. 270-

. 1101131 11. 242. 272. 274-276. 282. 307·387. 388. 392. 434

[10110 m. i zum. 123. 486. 545. 458. 480.

mfflmffist tmmwmwmffimmmm

11110110] szl. herb. 259. 245. 294.

tiuhi w. 242. Ludwik ks. Hajnow. 278.

1114111 (11150111) 443 Ludwik arcyb. Mogunc. 345.

1111101110 (1115111) 443. 1114111111 ν. 8151110011 6.

111111 14. 17. 27. 35. 57. 59. 67. 91. 104105. 1114011111. 1111111. 051. 1151 Rzym. 72. 75. 106
108163. 183. 194. 198. 204. 208. 216. 221.Ι 129. 208. 209. 218. 317.

230. 238. 250. 260. 265. 268. 277. 284. 285. 1111111111 2 Tau-antu 204.
286. 288. 290. 291. 296. 305. 319. 3213241υά03( do 1100011111 517.
Μωωωῶμωπᾼωωῃηω

413. 433-431. 431. 438. 441. 449. 1044111404 kan. 11404181. 111.
mfflfflffimfflmmwwmm
mmmmmmmmmmmmmm
535. 538. 541 544. 545. 549. 550. 556. 557. 110511 m. i 1110. 184, 224. 266. 301. 458
11111101 6. 9. 14. 19. 22. 27. 34. 35. 37. 74. 91. 99. 1110111111 1101011 229. 378. 393.
mmmmmmmfflmmmmm
185. 192. 198. 208. 221-225. 230. 234. 245, .
254. 260. 265. 268. 269. 277. 280. 281. 284.Ι ῑι.
285. 288. 291. 296. 304. 305. 307. 308. 3214
324. 342. 343. 345-347. 356. 382. 414. 415. ’.1151611 zam. 216. 230.
434. 438. 439. 441. 442-447. 450. 452. 456Ι nbiuyn zam. 395.
457. 460. 462-464. 471. 475. 476. 518. 530. 1151111011 (tabum, 1151110111, [151οψ) 271. 356.
Liw m. i zam. 234. Lada herb 111. 482.
105111 m. 278. 1190415115411115. 496.
10105111 ks. Rusi 183. ¹ 11101100 05. 1101111151.
torono 05. 11111111γυὶ00. 1901111111. 11101. 134. 178 301. 3021340. 4011
Lina (Luna) 11. 557. 544.
1115111601 m. 111111. 185. 302. 347. 1001101010 25.
1051111111 Gedymina,ks. 111. 162. 219. 230286. 10111010 1100111 4. 19. 107. 134136. 137. 287.
287. 307. 342. 299. 310. 404. 547.
tubam syn Olgierda‚ 11111. 379. 388. 470. 1911101110 1141011110 344.
11150111 (1115111) Β111011100, m. 361. 1011110 (10111110) m. 411.
1115011111 11011111 9. 10. ι254. 342. 547. 191οοίηγ 11. 521.
1115111 (11150111) m. 87. 229. 1011011100 11. 69.
1115101 w. 123. 1041111 herb szl. 160. 330.
11151οή w. i kl. 28. 10011111 zam. 388.
1115111 11. 1141 11. 245. 403. 101 ob. Jan.
Lublin m. 11111. 9. 10. 200. 301. 430. 556. 1011601111. 410.
1115Ιί01108 260. 10111011 11011111 187. 340.
11151Ιηί00 zam. 489. 100101 m. 111111. 187. 3404 373. 376.
11450011 w. 242. 111111 m. i zum. 185. 219. 286. 449.
1050111111. 557. ¹[uoltu ziemia 05. 1101111110.
1150104150 w. 252. tuozyeo 11. 347.
11501111 10. i zam. 419. 1011001111 1110111222. 254.
Luem m. i zam. 416. ιγ1096111111111101288. 308.
Ludat· (1111101141) mista Prus. 129. 132. 133148.
160. 189. 192-194. 198. 199. Μ.
11111011 1161119 05. Luder.
Ludwik 3. 5101. 1111111 75. 316. Mucio} ι 1151111110 wojew. 81101. 547.
11410111111111110. 316. ΜοοίοῙ z Trqozynn wojew. Siedm. 93. 124
Ludwik Andoqaw. kt. Sycyl. 553. Maelo] wojew. Gniewk. 509.

 

