232 1111111111 w. “ 1. 1111. ,

1111111 11111111 11111111, 111111 1111111 1111111111 111111 1 111111 1111111111 1111-
1111111111 1111111 11111111 1111111111. 11111, 11111111 11111111111111111
1111 111 111111111111111 11111111 1 11111111, (111111111111111 111111111111-
11111 1111 1111111 1 1111111111 11111111.

11111 Pam! 185⁴.
11ιί11111 11111111 11111 1111111 1111111 nogioni 111111111111111111.

Κ11111111111111110111111, Κ1111111, Ρ11111111· 1811111111-
11, 1111111111 do boju 11111111111111 11111111 11111111 111111, 1111111 1111111
1111111111 11111111, 1111111111 do Pras, 11111111 11111111 11111111-
bergu 1111111111 111111 1 11111111. Α gdy 111 11111111 Pruski Winrich
v. Κ11111111, ani 1111111 1111111111 11111 1111111 1111111111111111
11111111 sie 1111111, 1111111111111 11111111 (111111, 1 11111111 111111111111
111111, 1111111 do Litwy, (1111111 11111111 111111, 111111 111111 1111111 1111
1 1111111111, 1 1111111111 1 111111111111111 111111111111111 11111111.

non 11111111 ms.

1111111111 111111 1111111111 1111111111 111111 1111111111111111 11111111
1111111111 111 1111111111 1111 11111111 1111111111 111111 1 numm, atyn
11111111 mum go 11111111111111 11111 1 1111111111 1111111111

111111 1 11111 (11111111 11111111 11111 11111111 11111, 11111111 Κ111-
1111111111 11111111 Ρ1111111111111111, 1Ζ1111111111111111111111111111-
11111111 11111 1111111111ἰὶ 1111111111111111 11111111· 1111111, 11111111 111-
. 111111111 1111111. 211111 11111111 1111111111 sie 11111 Ρ111111 Κ111111111
od Ζ 1111111111, 1111 11111111 11111111Ρ1111111111 111111 111111111 11111
1111111111 1 1111111 11111 11111111 Μ11ο111111111, 1 1111111 1111111111
111111 111111111, 11 1111111 11111111 1111111111 11111111 11111111 1 1111111111
1111111111. 81111 1111111111 1111111111 (1111111111 11111111 11111111, 111111-
1111, 11 Κ111111111 11111 Ρ111111, 1111111111 111111111 1111111111111
Ζ111111111111111111111111111111111, 1111111111111111,11111Ζί1-
111111 11 111111111111111111 811 11111111 111111111111111111111111 11111111
innego 111111, 1 1111111111 111111 (1111111111, 11111111111111, 1111 111-
1111111 sie 11111111 11111 1111111111111111, 111111111111111 11111111 11111-
11111 1111111111111111, 1 1111 11111111 Ρ1ο111 1 1111111111, jako i 11111,

 

