1. 1310. 1111111111 1. 303

1111111111 1111111111; 111111 1111111 11111111, 1111111111 111111111111111111-
11111111111111111 11111111, nie 11111111111111111111 11111111 11111
1111111111, 1111111111 11 111111 1111111111111111111,1111111111 11111111-
1111111 11 11111 1111111111 1 1111111111 1111111111111111111. W 1111,
11 111111111111111111111 11111111, nie 1111111 1111111111 ioh 1111111111
11111 1 1111111111 111· 11111111 1111111111 1 11111111 1111111 by} 1111111
11111111. Ale 11111 1111111111 1111111 1111 1111111111, 111 1111111 1111111·
111111· 1 11111111 111111, 1161 1 1111111111, 1 1111111111 11111111 11111-
11111111111, 11111111111111, 11111111, 11111111111111111111111, 11111111
11111111111111111 111 1111111111 11111111, 11111 1111111111, 11111111
1111111111. 1111111111 11111 11111111, 111111 1111111 111111 ; 11111111 111 1111-
go 111111 11111111111111, 111111 111111111111 111111111111; 1111111111 ‘
1111111111 1111111111, 1111111111 111111111111111, 11111111111111, 1111111-
111 1111111111111; 111111 111 11111111 11111111 1111111, 11111111 111111-
11111 1 11111111 1111111111. Ζ 1111111111 1111111111 1 1111111111 1111111111
11111111,1111111111 11111111 1111111111 1111111. Β11 1111111111 1111111, 11111,
1111111111 1111, 111111 11111111 1 11111111111111, 11111 11111111 11111111-
111111 11111 1111111111. 8111111 do 11111111, 11111111 11111111 11111111;
11111111 1111111111, 111 1111111111 1111111111, 11111111 1111111111 11111
1 1111111 11111 11111, 1111111111 1 11111111 palem 1111111111 1111111111111111,
1111111111, 11111 do 111111 11111 1111111111. 0111111111 1 1111111111
11111111 1111111, 1111111111 1111111, 111111111111111 1111111111 11111111
111 11111111, 1111111 1111111111111 11111111, 1111111111, 11111111 11111-
11111111111111111 111111111, 11111 1111111 1111111111. 'fak 1111111111
1111111111 by} 111111111111, 11111 11111111111111111111111111111111 jak i
1111111111, 11 11111 111 (1111111111, 111 1111111 1111111111 1111111111
1111111 11111 1111111111. 11111111 idrugioh 1111 11111111; 1111111111
11111111, 11 1111111 1111111 1111111 pana 1111111111 1111111111111111,
111 11 11111111, azali 111 11111111111111111111111111111, 1111111111
polu, 11111111 1111111111111 1111111111, gdy 1111111· 11111111 1111. 11111
1111111111 1111111 1111111111 11111111111111, 111111111111111 11111 11111111
1111111111, albo 111111111111111111111111 11 nich 1111111. Ρ11111111111 11111111
1111111111 1111111, 111111111111111. 01111111111111 1111111111, to 11111111·
111111111111111 11111, 1111111Ι 11111111111111111, 1111111111 111 dobro 11111111.
'rem 11111111 11 11111 111111111111111, 11111111111111111111 111111 11111

111111 1111111111 111111111111,1111111111111111 111111111111111111, 1 ,

11111, 111111 po nim 11 (111111 11111111 1 111111, bez 111111111111111111-
1111. 11111111 111111 11111111111111111111111 111111111111, 1111111111,
111111 1 111111 1111111111 11111111, 111 11 1111111111 11111111 1 1111111111
111111 11111 krolestwo, 11 jogo 111111111111111111111, ’111111111111111

 

