256 1111111111 11. 101359.

„bede 101 10 1110101111 10110 111101 eie 1011011011110. 1111101010 101110
,111110 00 10 11000110 0101101111 1010010 1110100111 11 110100001 11111
,1110101101 101101111111 1100111 1110010111111101 Κο11110110111
,11 101 010011 10 0101011101, 011 10 potem 10 111001,Ι 1100100101, 101,
,11111111 1101010111 100101101οἰ Ι11 00101 11000111 1001011111011011100110
,101011100110110 11010110, nigdy ge nie neeiegene. stanewimy 1011010
,1011111 01100101011111111011001101 1011101110 0 1101101001100110100 11111010
,001110 111011 01010100101111, 0111011101οΙ 1010 jej 0111011101, 1001111101 1101110
,1 11011111 1010101101 101010010 dziesieeine 11010110011101110101010111,
,1111010 10010000 1011111 je 0111010101 0110001. 1100110111 1011011001110·
,1110101 100100 praee sweje 1011010111, 1111101101·οο 111001 1 110100 10010110
„pel 101 01110110, 11111 0100 1 111 11101 010110 1111101101 0101111011 be·
„dzie 11001111100100110 11010110, 101011110111101111101). 110110,
- ,111111 01101110 10010001· 010101100101101 0 1110010010 001110100101111110
,11101101 eie 111011011011001100100110, 101· 1, 10111111001011111010101
,01011100100111 0101101101· 01 1011010, 11111 01011011 01100101001, 1 1 tego
,11011010 010101 1010111101 10 1001011010 0010, 0101011111, 11111 sper 00110-
,01001110 11101 100101 01101 1001 1111001011, 11111 1111010110 101101 10-
,101111010 1010, nie 110101 1001010 0110111, 010 01001011111 10 0010 111100-
„kiege gdzieby pe rezetrzygnieniu peprzedniem speru 00 10 0110011110,
,1010101 11010101, 1010 101 01010 1011111011 0101000110 1110010011 1111101101.
,11010100 0100011111 1 1011011011011, 10110110 1 11111111 11010, 1100101010
,11110 1010111011, 1010111111 110 1 1110111011010101 1101, 1110110110
,11110110 pe 10101 1010101101, 1110011οἰ00 1 101101 1011111 101 1101110 1101110101
,10 101011100100110 1 10111101 1111010101. Ale gdyby 11 1111110111
,0110110 010111οΙ1 10 1101 10011011111100011101, 1101010101 1010111101
,1001, 1010110, geje 0110 1111011, 11001011 000111011 pel 11101 0110011 0011-
,010101101 0101101011 bede 110011 111001001ηο nam 1 100111 1001011101.
,11110111 1010101011, 011 1110101001 101010111010110101 11010101 110111-
„biereli 111110001101010111 (0010110110), 010 0011 11010110101110 pre-
,0110010 010101 0110101101, 10 10111 11111010 110111010101101. 1010111011
,10110 0101111010001, 110100101011 11111 11010101 100101· 11000111, 1110110-
,10011 1110110 111011011010, 010111 11 0111011011 1010101111 110 1111101011
,1111001 11011111 (evectiones) 101 110110 11101101 1110110010, 0111101010
,1111111 1110101011 01 1101101101 110110111; 1101011101 11101010111010101111

„nie 1010110 10110101101111010110801101011111, 111101011111110 1011010
,1111110011 110100100111 010110101011 bede. Duehewni 10110101011010 010
,11111 01000 1 10110101, 111111 1011011101110110 110010101101011101011 ee
,1 110110 111110 0101101101 Κ11101 01111 Ρο101 10 1111110110, 110110110-
„ge 1011 11011010. 1)Ιο 1111110110 101 11 11010 01111011 Rem, 1111101111,

 

