210 6666666666 6. R. 1347. -

6 6666666666 66666661 66616 6666666661 66116666, albo trudnego do 66666
1616166661 6666666661, 666666 6666666666 66661611, 6166 6161116 6166611616 6666-
61616616. Β616 6 6611616 6666616 1666 6666666 6666166666 rodzaju 661611166661
i 6661616616, 16 6666666 666 11666 666661, 161 1 666 66 66666661 666666,
666666616616616166161616616, potem w0j0w0d0m‚ 166666166666, 66661666, pod-
6661666 1 6666161166 6616666161166166666666, 66666666 66666 616666 66666666,
16666 66 1666, drugi 66 6666666616 666616, 66 6161116 661666666116116166
1 661616, 6616666616 166666616161616666, 6666611616 6166161661 1 ubo-
616166, 66666616. 116 tego wszystkiego 66161611666666 666666666611, 66 61666-
66616 pogan 6666666666 6166661, 6161166 6 866666 66666 616 61666666,
16 66666661666616166666666 666666 66 6166616 6666 6666661661 1666666161
6616666 po polsku. 16611 6666616166 66 6666661666 6666111 616 61666 6 ι1666666
616616, albo je 6616616611, 6166616166 1666 61666 66 samo 666666616 661616, 6166
161611616 66161661, 66666 616 66666611 lub 6166611, 666661616666666661666,
6166666 661616666161666, 6666616 1 6666166616 6666666166. Α 661666, 16666
616 1616616661616, 6666 6166666616, lub 616 66661 61666, 6166616116 66 samo
6666666661, 666661666161 6666666666 6666661666, 16666 mu 66 ’6166616 666666,
6666666 by} ,1616166661661 16166661666666 6161666666. 2666666 6666 Ρ61-
6116 666666661616 616666 6666666, 1 mogly 616 6666666 666661 66611666 166666
1 66661611666 1666666616, 616611 6666166666 666661661166661; 1666 666661661166
161661666 6666661666 66661 616 616166666661 16166166666661 666666, 1666
616 1666 6666616 1 6616161666 6 66616616 6666616616 616666166 1 66161616-
66666166 6666611 1666666 1 wygranad 6 6666616, 66 16666 6666166 by} 61666-
616 116661. Tylu 661666 661611166661666 1 661 6161116666 6616166116661 616-
66666 1 ubogioh, 6666616 1166616 666666661 661616616666161666 66666666 666611,
6666666166 1166161666 1661 Ρ61611, 1 611666 6 66666616 666166 6616666166
1 66666666 6166666616 66 666666 661666 1 6616666616, 6 6661166 66616 166166-
616 66 666661661166616 6666616 66666616 1 66666661, 6616661 61666 66166 do
11161166, 6616666 61661866666616661161, 66 1116661616 6666666 postu 66666
16666666. 116166 gdy 616 61661611 6666666 6161661, 1616 to 66666166
11666616 6666616166 (161666166611, 666 (1661616166 Κ66166611,
1161616616161616Ρ66666611 116661616161666166166611,16-
6616166166666616, 1666161661, 6666616166 1 6666616166 666666116161666, 661
66616661161 ,1616 1111161116] Ρ61611, 1661 Κ661661666, 6661616616
66666 61666661 (conventio) 66666666166666, 6166666 666166 66666661,
6 666616 Β6611666 1 16661166 1616616616, 666666116 6666616 666666, 616666666661,
6666166, 6666661111, 6616116 666666666166 66666, 6616116 (16]666166616, 166166-
6616 1 611666616 6616616166, Β66116 66666 6666616 6 1666116661, 61616666 666
66666616, 666166 ich 6166666661 1 666661661166661, 66616666 66166666 666166
dem, 66666661166666Ρ616116(16666 Ρ6166166166) 161666116166166666

 

