9999999 999999999999991 9999 99 ,9919999 99999999 9999199999 99 *991999 999 tufi

9 -oms 9999999999 99999999 9 9999991 9999999 ο ι9999 po 99999 9999999993οά 9
9999999999 999 9999999 9999 99999999 999 9999999 9 9999999 99999999999999 .
9399999999 [ushan [999999 999999 9999999999 9999 999 9999999 99999 99999999

999199 99919 9999999 *9999 99 999999999οά 93999999 9 ι99999999 99999999
9999999999 9 9999999999 9999999999399991 ι99999199 nul 99999999 999 93999)
-99 ι9999 famosus 99999999 999 9 999999 99 9999999999 9999 9 ‘elmon 9999
’ -99999 9999999991 9999991 9999999999996 999 ι9399999999 9 939999999
99999 999999 M 99999999 9399οεί omns 999 9999999999 99 999 ,,·9999999“
999 9999999 9999999 od 999 999999999991999999399 9 999999 999 939999
-999 99999999 9 9999 9399999 999999 [(999 ι9999999999) 9999 *9999999999κ
999 93 999* 9999999999 9 amoni ‘Auozopnmsozsd 99999999999999199999
99 9999999 9 9999919999 99999999 999999 [off 999991 9999999999 9999999) od

÷ 9999999 9999999999 9 9 9999999999 999999 999999 ἑξθ999999 99999999 9 mu

91999 999999999999999 999999 9999991 9999999999οά 9 999 ‘musmonem 993999
9999999999 9 9999999999 9399 9999999999 999999999 93999999 99999 ι939999
·1⁰d 9 9939999999 99999 99999999 9999999 9 ‘mod 99999 999 “959999
99999999 999999 9999 *9999999 9 9999999 ι9999999 9999999999 9 9999999199
*99999999 9 999999999999 99999 mund 9 Qum ι9899999οᾶ 9999999999
(99999999) 99 9999) 9999999999) 9991 9 999999 99999999 9999999999

um 999999 namu 9999999999 ’9999991 asom ¹¹⁰1 unm
‘mmmm 9 9 nien mun 999999 9 ‘mm 99999 9199999999 Qu omn
’99999999 9 osonum 9999 mm 9399991 διε affimat 'qnogqoq'nmm ·

{⁸⁰⁸¹ mum ‘1⁰¹1

(ofimqonst) 993999999999 (9999999) 9999399 99919999999999999
9399 9 9 ι999999 9999 9999999999) 999999 999999 9999999 9999999)
9999999999 9999999 99999 [9999999999 999 9 9999999990
99999 99 99999999 9999999 qosods 999 M ·nu10p op 9999999991 999999 9·
9999999999 999999 9 9999 999999 999 9999999999 9 ι99999999 9 [9999999999
9999999999 999999 99999999 99999999 9 9999 999 99999991 ι999999991999
999999 9 999999 9 ut! ozozsos 999999 999999 [9999999999 od 99999199999999999993
8999999οά 9999999999 9999999999 9999999 amm 9999 ι9999999991 99999999 9
999 999999 ι9999993 9999999999 9 99999999 9999999 po 999ρὲ (999999 939999
99999 op 999 99999999 9999939919 9999999919 999 99999999 ξ9999999 9 999
99999999 (999 99999991 modun 999999 ’9999999199 9 9999999999 9999999 9999999999
999999 9 99999999 ι99999999 999999 99999999 ‘munds 99999199 9999999999

’909999 ’999999 01

 

