‘mozooun 9999999991 99 99999999 ’99999 N 99999 999 99999 99999999 9 999
99999999 99999999 99999 999999 999999 9999999999 (9999999 ’9 9999
-9999 (99999999 9999 od 99999999 999999 99 999999 9999 9999999 9 9999999
9999 99999 9999999999 9 (9999999999 999999 9 99999999 999999 99999999
99999 999 9999 99999999 9 99999 99 99999 99999999 99999 99999
-99 9999999999 ι9999999999 999999 ι999999999999 ·9 9999999

99999
9999999 99999999 99 9999999999 99999 9999999 999 {sq 999 999999 999 99999
’99999999 999999 99999999 999 99 ἐ99999999999999 9999999999 9 9999999999 9
99999999 99999 99999999 9999999999 99999999 99 9999999999 99 99 m ’999
99999 9999999 9999999 9999999999 9999 999 99 99999999 9 99999 9999999

’999999 999 9999999 IX 99999999 9999999 99999 (9999999999 9
9999999 9 99 999999 9999999999999 9999999999 99999 999999 M 99999
9999 999 ι999999 9 9999 99 99 99999999999999 ‘911quss 99999 99 9999999
9999999999 9999999 9999999 99999 9 ι999999 9999 99 99999 999 999 999999
-9999 (99 9999999 999999 9999 999 999999 9999999 9 9999 9999999
999 99 ι999 9999999999999 99999999 999999 999999 99999999 99999999
-99 99 9999999999 9999999 999999 9999999999 9 9999999999 99999999 999999
(9999 9999999999 9999999 99 9999999 99999 9999 9999999999 9999999999999
93999 999999 9999999 9999 999 999999 999 (9999999999 9 999999999999999
9999 99999 999 ’99999999 9999999999 9999999999 999999 ς99999999
-99999 9999999999 99 (9999999 99999 99999999 99 99 999999 ι9999999999999
9999999999 99999 99 9999999999 9 ί99999999 99 99 HA 99999999 99

9999999999 999 999999 (999999999999 99999999 999999 *99999999

999999 99 ’99999999 99999999 9999999999
’99999999 9999 99999 999 9999999999 999999 999 99999 ’9999999 99999999
99 9999999999 99999999 9999999999 99999999999999 tu 9999999 99999999

9999999999 99999999 99999999 9999999 ι9999999999 999999 999 9999999
9999999 99999999 9 99999 999999 99 ι99999 99999999 99999 9 9 (9999999999
99 99999999999999 (9999999999 99 99999999 (9999999999 99999999 9 99999999
99999999 9999 9 5999999999 99999 99999999 999999 9999999 9 (9999999
99999 9999999999 9999 9999999999 999999 99 ι9999999999 9 999 99999999
99999999 (999999 99 999999 9 9999999999 ι9999999 99999 99999 ’99999
-999 (9999999 9999 (999999 99999 (9999999 9999999999999 99999 9 99999

999 mam 99999

 

