Przowodziuowico 6. 392. 1161664 759. pol. 482.
36665166 2 Przysieki 419. Romania 481.
Ρ6669666166 w. 521. 366616 65. 166.
Ρ6666ιό66 6661. 302. 36661116 61666616 zam. 21090151329.
Ρ66161Ρ6616)66. 495. ' 3666666666 (66616666 Maurum) 111. 71.
Pszonka 225. 226. 489. 36616616 (anagnin, 36661966) 666161. Lit. 104.
3166661 Czech 203. 343.
361166 6646. 163. 3661666566961. 266.
3611661 (3611566616) m. 108. 168. 291. 11666416 65. Rudawa.
3616611( (3616611466) 7991. 27. 3616165661218. 279. 287. 362. 469. 482.
36666611 6666161360. 3666161666 6. 106.
Ργ6ι6 Ι. Ρ1666 (3664166. 234. 3666616661116666666666) Ι. 36666166 251.
Ργιᾱ6γ 171. 133. 177. 301. 324. 393. 3666666 (366666, 3666616) 304.
3646666 rz. 459.
R. Rudqer opat Oliw. 34.
Rudnnw.13.

3665 1166616666, 1666616666) 206. 36666 m. 357.
3661611111 4661. 121. 252. 280. 333. 411. 421. 366611 ces. 316.

523. 528. 364611 9571 Alberta 6661661. Czes. 20. 24. 28. 35. 36.
36615666 m. i kl. 162. 36661151. palatyn Renu 72.
3661166 65166. 36361116. Sas. 159.
3631166 w. 372. · 366611 1661161 Balgi 477.
366666 m. 301. ''nudzka ziemia 65. 1716165616.
36666661( m. 389. 417. 366661 syn 71661. 16. Lignic. 278. 317.
3666666166 6161616222. 449. 1116666116. Bawar. 65. 1165611.
1166666166 (3666666666) w. 225. {nui 37. 157. 185. 194. 200. 219. 230. 265. 287.
3666616 17. 366. , 319. 321. 334. 335. 348. 349. 377. 388. 401.
66666666 m. 40. 199. 547. 1 423. 433. 495. 449. 459. 497. 466. 479. 947.
Rndzioiowski 66. 120. 16666 4. 9. 97. 157. 199. 199. 195. 199. m 999,
mmmm 1 mmmmmmmmm
666666 (66666) η. 999. ⁴ 491. 459. 457. 466. 499. 499. 494. 475. 479..
36161 16661. 1714116. 243. 36666. 316666 616111 1661166Κ66)1. 143.
36161 z 76666666, 9571 1616666166. 8664666. 496. 36661966 65. 36616616.
11666616, 3696616616. 27. 67. 74. 238. 281. 284. 36666661611 szl. pol. 366.

520. 538. , 136566 w. 242.
666666 9· 929070 419. Anyga m. 92. 109. 199. 466. 494.
36666616 syn Henr. 16. 36861. 1 (1169. 235. 36696161666 Henr. ks. 116666. 466. 469.
36661666 w. 521. 36616 zam. 486. 545.
116666 m. i zam. 232. 233. 234. 301. 302. 3666666 kr. Angiel. 416.
36666 herb szl. 499. 519. 3666 65. 31151616.
flamia ob, Ram. 366166 666616666111661. 60.
36666666 m. 99. 366566 77. 552.
36661116 dom 661 herb. 112. 259. 3661666 1116661166) 476.
3666616 6166116 234. 36666 13. 70. 235. 353. 354. 518. 522.
1166661611 666161 104. 3666616616 353. 354 443. 445. 517.
311166 (3111666) 6661. 477.
3136666666666661. 465. 466. 469. Ι.
365661 kr. Sycyl. 14. 70. 204. 316. 317.
36566116 Β6661. 65616. Rzym. 270. 345. 450. 866618661666116. 111 11. 153. 186. 194. 240.

508. 511. 553. 557. 558 274. 309. 341. 390. 419.
365661 1661. 65. Klemens VII. 8666 65. Nowy 8666.
1166661616.(16166127. 86165666 111. 13.
369616 65. Jan. 86116 77. 529.
3666111661666661. herb. 519. 86166666 6166166 Przem. kt. Pol. 25. 50.
11696166 m. 315. 8665161616 6166616 (8666516, 16661664) 304.
3616166666, (166616 243. 866 rz. 342.

 

