111365. 1111111111 1. · 283

111111 1111111, 1111111 11111111 111111111 111111 111 1111111 11111 Β11-
11111111, 11111 1111111111 11111111111111111 11111111111111111111
od Κ111111111 11111 111111111 11111 1111111111 111111, 111111 111
11111 111111 11111111111111111 1 111111111111111111111111111111111. 111-
1111111 111 11111111111111, 111111111 1111111 11111 11111111, Κ11111111
1111111111 Ρ11111 11111111 111111111 1111111111. Po 1111111 11111111
111111· 11111111, 11111111111111111111, 111111111111 (111111111111
Κ11111111111 1111111 1111111111 111111111111111 1111111111 111-
* 11111111111111111 11 111111 1111111111, 111111111111 1111111 1111111111
1111111 11111111 Κ11111 1111111 1 11111 1111111111, 111111 11111111-
11111111, 1111111111111111 111111111111 1111111111111111111111, 1 (111111
1111 11111111 Κ111111 do Ρ111, 111 1111111111 1111111111 1111111,
111111111111 11111111, 11 11111 11111111Ι 11111 11111111111111111111111
1111111 11111111 1111111111. ΖΡ111 11111 111 1111 11111 1 111111
111111111 postu 111111 1111111111 11 (111111, 1 11111111 1 Ρ11111 111111
1111111111, 1111111111 11 11111111, 1111111111 1111111111 11111111 ·
1 111111 11111 1111111111. 1111111 po 1111111111111111, 111 11111111111111
111111· 11111 11111111 1111111, 1 11111111111111111 111111111-
111 1 111111, 111111111 111111111111111111, 1111111111 111111 111111
1111111 11111 1111111. 11111111111111111111 11111 11111111 1 1111111 1111
111111, 1111111 11111111 111111 1 3111111111, 11111 1 1111111111
S. Benodykta‚ 1111111111 habit 11111 11111111, 11111111111111111111 2
Β11111111111, 1 11111 111 1111111111 1111111111 11111 111111. Ρ11111
1111111111111111Ρ11111 11111111 1111111111 11111111, 1111
11111111, 1111111111111111111111111111111111111 Β111111, 11
1111111 11111 1 1111111111 1Ι 111111 11111111, 111111 mu 11111111 1111
1111111111.

11 11111111 1111111111 1111111111 11111111 11 1111111 11111.

Po 1111111 Η111111 11111111 1111111111, 11111 11111111 1111-
11111 111111111111111 111111111 11111 1111111111 11111111 1111111-
111111, 1111111 1111 1111111 (1111111 1111111111111 11 1111111 Urbana V,
1111111 11 11111 1111111111 1111111111111111111, 1 11111111 11111
1111 11111111111111111.

 

