Β. 1361. 1111111111. 261

11111111 1111111, 1 po 1111111111 1111111111111 11111111 1 1111111
1111111111, 111111Κ1111111111 111111111111111 1111111111 1 11111-
11111 1111111, a Βο111111 11111111 Κ111111111, 1111111111-
11111111111111111111 11111111 1111111111 1111111111 11111111 Κ11111-
11111 1111111111111111111 111111, 1111111111 1111111111 1111111111
w Κ1111111, 1111111111 1111111 1111111111 1 11111111, 1111111
Β111111111111111111111111, 1111111 1111111 1111111111 11 Wie-
111111, 1111 11111111 1111111111 1111111111, 11111 11111111 1111111111,
w 1111111111 tago& 11111 Κ111111111 1 11111 Ρ1111111, 11111 1111111
1111111111, 1111 111111 111111 1 1111111111 11 11 11111111 1111111111 du-
11111111 11111 111111111 111, 111111 11111 111111111111111111 11111111 11-
11111111 1111 11111111, 11111 1 111111111111 111111111111111111. 1111111
111 11111111 111111 111111 1111111111, 1111111 111111 by} 1111111111
1111111 1111111111111 111111111111111111 111 ugon: 1 1111111111
razio 11111 11111 111111 1111111111 1111111111 1111111111. 111111 111
11111111111111111, 111-11 1 11111111 111 11 polu 1111111, 1111111 1111-
11111111111111, 11111 111111 1111111111 1111111111 1 inno 111111, 11-
11111111 1111111111 1111111111, 111111111111111111111, 1111111 111111-
1111, 1 1111111 11111111 1111111

,1111111111 1Β11111 1111111111 1111111111 11111111 11111111
,111111111111111 Κ11111111 11111111 1111111 11111111 11111-
,111111 11111111, 11111111 11111 111111 11111, 1111111111 1111111-
,111111 11111111111111 1111111111 1 Ρ1111 Κ1111111111, 1 Β111111111
,111111 Ρ111111 1 1111111111 111111 1 111111, 1 1111 11111111 Bo·
,111111, 111111111111111111111111, Β1111111 Κ111ο111111111-
,gioj 111111, 11111111 111111111111111 11111111111111 111111111111111111
,11111 1111111111, 1 1111111111 11111111111111111111111111 po·
,1111111111 1 111111, 1111111111, 11111111 1111111111, 1111111111111
,111111 1111111, 1111111111 111 11111111111111, 11111111 111 1111 1 11111- ·
,111 111111 1111111111 11 1111 111 1111111111, 1111111111 111 1111111111·
,1111111 11 11111 1111111, 11111111 1111111111, 1 1111111111 1111111
,111 1 111111 1111111111 111 111111111111111111111111111111111, 1111-
„soh 111111 1 1111111, bez 11111111 1111111 1111111111 1111111111, 111
„to 111111 1111111111 1111111 111111 1111111111 11111111, 111111111
,Ι111111 1111111111, 1111111 111111 11111 1 ’ 11111, 1 sami 111111 111111-
,111111111 1111111111, 11111 11111111 11111111Κ11111111111, 11111
,1111111111 111 1111111111, 11111111 11111111 111111 111111 Jego
,11111111 1111111111, 11111 1111111111 Ρ111 1111111111, 1111111111
,1 11111111 11 11 11111111 1111111111 11111111 11111 1111111 1111111111,
,111111111111111 1111 1111111111 11111111111 1111111111, 11111111

 

