1113311. 1111111111 w. 159

,1111111111111111 111111 1111111111, 11111111 11111111 111111 1 1111-
,111111 11111111 111111111111, 111111111 111 sporn, 1111111111 111111111
,11111111111111111 11111. 8111111111 11111111111111111 1111111, 1111111111
,11111111 11111111 111111111111, 1111111111111 1111111111111 1111111111
,111 jego 11111111 1111111111· 11111 1111111111111111, 111 11 111111111 ,
,1111111111111111 11111 1111111 111 1111111111. 111 111 1111111111 11111-
,11 1 1111111 111111111111111111 11111 Κ111111111, 111-11 1111111 Κ1-
,11111111111 1111111111111, 111111111111111111111 1111 Pomor-
,111111, 111111111111111111111 111 1111111 1111111 11111111 11111 11111111
¹ ,1111111111111111 1111 1111111, 111 1111111 sie 1111 111111Ι 11111111111-
,11111 1111111111 111111111 1 1111111111, 1111111111 tego 1111111 11111111
,1111111111 111 11111 11 11111 11111111 1 11 111111 11111 11111, 111 11
„im 11111 111111 do 1111111 1111111111111111, 1111 111111111111111 1111 “

,111 111111 111111. (11111111111111 1111 11111111 111111 1111111111111, .
,111111 1111111111111111111111 11111111 1111111111111111111. 1111111 1111 111- ”

,1111111111 1 111111111, 1 11111111 11111111111 1 (111111111101111
,1 11111111111 1Ρ111111111111 111111 11111 11111111111, 11111 to: (11111-
,11111 1111111111 1111111111111 11111 8111111111111, 11111 1111-
,1111111 11111111111 Κ11111111111111 1 1111111111 111111111 111111
,1111111111111 1111111111 1111111111, 11111111 1111111111 111-
,11111111111 11111111 1111111111111111111, 11111111 11111111 Sie-
,111111111111111111111111.Ζ11111,1111111 111111111111111·
,81111111 Ρ1111 111111111111111111 111111111111. 1111111111111-
„gona 11111111111111 1 1111 01111111111111, 1111111111, Ru-
,11111 1111111111 51111111, Κ11111 1111111111 111111111111, Β111-
,11111 1111111111 8111111111 1 1111 1111111111, 11111111. (111-
,11111, Η1111111 1. Lippa, i 11111 111111 11111 11111111», 1 11
,1111111111 11111 1 111111 111111111111 1111111111. 111111 1111111111 11-
,11111111111111111111111111111111111 1111111, 1Ν11111111 11111111 11 1111111
,1. 11111111.1 Po 11111111 1 1111111111 1111111 11111111111 1111111111

1111111111, 111111111 sie 11111111 1111111111 1111111111, 1111111 11 ·

111111 111111.

Po 111111 1111111111 11111111 1111111111 11111111 11 1111111 111 111111.

11111 1111111111 1111111111 1111111, 111 1111111111111 Ρο11111111,
1111 111111111111 1111 111111111111, 11111, 1 1111111111 1111111111,
’ 111111 1111111111 1111111111 1111111111 111111. 81111111 11 1111111
11111111111 1111111111 1111111111, 111111 11111 1111111 111111. Po nim

 

