160 1111111111 1. n. 1335. Ι

11111111 1111111111 11111111 11111111111111111111 J 111 1111111111
1111111, 1111111111 11111111 1111111111 11111, od 11111111111111111111
11111111, 11111 11111111 11111 11111111 1 11111 11111111· ; 1111111111111111
111111111111 1111111111111111.

11111 11111111111 1111111 11111111 111111, 1111111111, 11111 po
Ζ1111ο11111 1111111111 1111111111, bracio rodzonym 11111111111
11111 1111111111, 1111111 1 11111111, 1111111111 1 1111111111 1111111111
11111111111111Κ1111111111111111111Ρ111111111.

1111111111 1111111111 1111111 111111 1111111111111111.

11111 1111111111 1111111111 1111111 Β1111111, 111111Ρ11111 1 panna
311111, 1 11111111 1111111 1111111111 Brzegu 1111111 11111111 1111111
1111111111111111, 11111 11111 1111111111 1111111 1111111 11111111111
11111 111111111111 111111111110111111 1111111111111111 J 111 XXII pa·
111111 1111111111.

8111111111 111111111111111111111 111111 na 1111111 1111111· 1111111111, 11111
v 1111Ι 1111111 111111 11111111 111111 111111111111111111111.

, 11111111 1111111111 1111111 1111111111 1111111 111111, 11111111 11111
11111 1111111111. 111111111111 1111111 11111111 1111111111, 1111111111] 11
1111111 1111 11111, 1111111111111111, 11111111 11111111 11111111 111
11111111 1111111111 111111; 11111111111111111111 1111111111, 111 1111-
go i 11111, 11 1111111 11111111111111 1111111; 111 111 111111 11111111111111
1111111, 11 11111111 1111111111111111111111. 1111111111 111111, gdziekolwiek
111111, 111 11111 111111 1111111, 11111111111111 1 11111111 1111111111 11-
11111. Po 1111111111 111111111111111 11111111111111111111111111111111- -
1111 111111 1111111111 11111111, 1111111 11111 111111 111111 1111111111,
111111111111 111111, 11111111 111111 11111111 1111 111 1111111111. 8111111111
6111111111 1 111111111111 1111Ρ11111 11111111.
Ρ11111111111111111Β1111111111111111Ρ11111111, 1111111111
’11111111 11111111111, 1111111111 1111111, 111111 111 1111111

1111111111, 111111111, 111111111111111111.

 

